ID,category,timestamp,price_now,price_one,price_seven,price_thirty,thirty_min,thirty_max,thirty_avg
11264,Hunting equipment,1449964800000,542,542,542,542,542,542,542
11264,Hunting equipment,1450051200000,542,542,542,542,542,542,542
11264,Hunting equipment,1450137600000,542,542,542,542,542,542,542
11264,Hunting equipment,1450224000000,542,542,542,542,542,542,542
11264,Hunting equipment,1450310400000,542,542,542,542,542,542,542
11264,Hunting equipment,1450396800000,542,542,542,542,542,542,542
11264,Hunting equipment,1450483200000,542,542,542,542,542,542,542
11264,Hunting equipment,1450569600000,542,542,542,542,542,542,542
11264,Hunting equipment,1450656000000,542,542,542,542,542,542,542
11264,Hunting equipment,1450742400000,542,542,542,542,542,542,542
11264,Hunting equipment,1450828800000,542,542,542,542,542,542,542
11264,Hunting equipment,1450915200000,542,542,542,542,542,542,542
11264,Hunting equipment,1451001600000,542,542,542,542,542,542,542
11264,Hunting equipment,1451088000000,542,542,542,542,542,542,542
11264,Hunting equipment,1451174400000,542,542,542,542,542,542,542
11264,Hunting equipment,1451260800000,542,542,542,542,542,542,542
11264,Hunting equipment,1451347200000,542,542,542,542,542,542,542
11264,Hunting equipment,1451433600000,542,542,542,542,542,542,542
11264,Hunting equipment,1451520000000,542,542,542,542,542,542,542
11264,Hunting equipment,1451606400000,542,542,542,542,542,542,542
11264,Hunting equipment,1451692800000,542,542,542,542,542,542,542
11264,Hunting equipment,1451779200000,542,542,542,542,542,542,542
11264,Hunting equipment,1451865600000,542,542,542,542,542,542,542
11264,Hunting equipment,1451952000000,542,542,542,542,542,542,542
11264,Hunting equipment,1452038400000,542,542,542,542,542,542,542
11264,Hunting equipment,1452124800000,542,542,542,542,542,542,542
11264,Hunting equipment,1452211200000,542,542,542,542,542,542,542
11264,Hunting equipment,1452297600000,542,542,542,542,542,542,542
11264,Hunting equipment,1452384000000,542,542,542,542,542,542,542
11264,Hunting equipment,1452470400000,542,542,542,542,542,542,542
11264,Hunting equipment,1452556800000,542,542,542,542,542,542,542
11264,Hunting equipment,1452643200000,542,542,542,542,542,542,542
11264,Hunting equipment,1452729600000,542,542,542,542,542,542,542
11264,Hunting equipment,1452816000000,542,542,542,542,542,542,542
11264,Hunting equipment,1452902400000,542,542,542,542,542,542,542
11264,Hunting equipment,1452988800000,542,542,542,542,542,542,542
11264,Hunting equipment,1453075200000,542,542,542,542,542,542,542
11264,Hunting equipment,1453161600000,542,542,542,542,542,542,542
11264,Hunting equipment,1453248000000,542,542,542,542,542,542,542
11264,Hunting equipment,1453334400000,542,542,542,542,542,542,542
11264,Hunting equipment,1453420800000,542,542,542,542,542,542,542
11264,Hunting equipment,1453507200000,542,542,542,542,542,542,542
11264,Hunting equipment,1453593600000,542,542,542,542,542,542,542
11264,Hunting equipment,1453680000000,542,542,542,542,542,542,542
11264,Hunting equipment,1453766400000,542,542,542,542,542,542,542
11264,Hunting equipment,1453852800000,542,542,542,542,542,542,542
11264,Hunting equipment,1453939200000,542,542,542,542,542,542,542
11264,Hunting equipment,1454025600000,542,542,542,542,542,542,542
11264,Hunting equipment,1454112000000,542,542,542,542,542,542,542
11264,Hunting equipment,1454198400000,542,542,542,542,542,542,542
11264,Hunting equipment,1454284800000,542,542,542,542,542,542,542
11264,Hunting equipment,1454371200000,542,542,542,542,542,542,542
11264,Hunting equipment,1454457600000,542,542,542,542,542,542,542
11264,Hunting equipment,1454544000000,542,542,542,542,542,542,542
11264,Hunting equipment,1454630400000,542,542,542,542,542,542,542
11264,Hunting equipment,1454716800000,542,542,542,542,542,542,542
11264,Hunting equipment,1454803200000,542,542,542,542,542,542,542
11264,Hunting equipment,1454889600000,542,542,542,542,542,542,542
11264,Hunting equipment,1454976000000,542,542,542,542,542,542,542
11264,Hunting equipment,1455062400000,542,542,542,542,542,542,542
11264,Hunting equipment,1455148800000,542,542,542,542,542,542,542
11264,Hunting equipment,1455235200000,542,542,542,542,542,542,542
11264,Hunting equipment,1455321600000,542,542,542,542,542,542,542
11264,Hunting equipment,1455408000000,542,542,542,542,542,542,542
11264,Hunting equipment,1455494400000,542,542,542,542,542,542,542
11264,Hunting equipment,1455580800000,542,542,542,542,542,542,542
11264,Hunting equipment,1455667200000,542,542,542,542,542,542,542
11264,Hunting equipment,1455753600000,542,542,542,542,542,542,542
11264,Hunting equipment,1455840000000,542,542,542,542,542,542,542
11264,Hunting equipment,1455926400000,542,542,542,542,542,542,542
11264,Hunting equipment,1456012800000,542,542,542,542,542,542,542
11264,Hunting equipment,1456099200000,542,542,542,542,542,542,542
11264,Hunting equipment,1456185600000,542,542,542,542,542,542,542
11264,Hunting equipment,1456272000000,542,542,542,542,542,542,542
11264,Hunting equipment,1456358400000,542,542,542,542,542,542,542
11264,Hunting equipment,1456444800000,542,542,542,542,542,542,542
11264,Hunting equipment,1456531200000,542,542,542,542,542,542,542
11264,Hunting equipment,1456617600000,542,542,542,542,542,542,542
11264,Hunting equipment,1456704000000,542,542,542,542,542,542,542
11264,Hunting equipment,1456790400000,542,542,542,542,542,542,542
11264,Hunting equipment,1456876800000,542,542,542,542,542,542,542
11264,Hunting equipment,1456963200000,542,542,542,542,542,542,542
11264,Hunting equipment,1457049600000,542,542,542,542,542,542,542
11264,Hunting equipment,1457136000000,542,542,542,542,542,542,542
11264,Hunting equipment,1457222400000,542,542,542,542,542,542,542
11264,Hunting equipment,1457308800000,542,542,542,542,542,542,542
11264,Hunting equipment,1457395200000,542,542,542,542,542,542,542
11264,Hunting equipment,1457481600000,542,542,542,542,542,542,542
11264,Hunting equipment,1457568000000,542,542,542,542,542,542,542
11264,Hunting equipment,1457654400000,542,542,542,542,542,542,542
11264,Hunting equipment,1457740800000,542,542,542,542,542,542,542
11264,Hunting equipment,1457827200000,542,542,542,542,542,542,542
11264,Hunting equipment,1457913600000,542,542,542,542,542,542,542
11264,Hunting equipment,1458000000000,542,542,542,542,542,542,542
11264,Hunting equipment,1458086400000,542,542,542,542,542,542,542
11264,Hunting equipment,1458172800000,542,542,542,542,542,542,542
11264,Hunting equipment,1458259200000,542,542,542,542,542,542,542
11264,Hunting equipment,1458345600000,542,542,542,542,542,542,542
11264,Hunting equipment,1458432000000,542,542,542,542,542,542,542
11264,Hunting equipment,1458518400000,542,542,542,542,542,542,542
11264,Hunting equipment,1458604800000,542,542,542,542,542,542,542
11264,Hunting equipment,1458691200000,542,542,542,542,542,542,542
11264,Hunting equipment,1458777600000,542,542,542,542,542,542,542
11264,Hunting equipment,1458864000000,542,542,542,542,542,542,542
11264,Hunting equipment,1458950400000,542,542,542,542,542,542,542
11264,Hunting equipment,1459036800000,542,542,542,542,542,542,542
11264,Hunting equipment,1459123200000,542,542,542,542,542,542,542
11264,Hunting equipment,1459209600000,542,542,542,542,542,542,542
11264,Hunting equipment,1459296000000,542,542,542,542,542,542,542
11264,Hunting equipment,1459382400000,542,542,542,542,542,542,542
11264,Hunting equipment,1459468800000,542,542,542,542,542,542,542
11264,Hunting equipment,1459555200000,542,542,542,542,542,542,542
11264,Hunting equipment,1459641600000,542,542,542,542,542,542,542
11264,Hunting equipment,1459728000000,542,542,542,542,542,542,542
11264,Hunting equipment,1459814400000,542,542,542,542,542,542,542
11264,Hunting equipment,1459900800000,542,542,542,542,542,542,542
11264,Hunting equipment,1459987200000,542,542,542,542,542,542,542
11264,Hunting equipment,1460073600000,542,542,542,542,542,542,542
11264,Hunting equipment,1460160000000,542,542,542,542,542,542,542
11264,Hunting equipment,1460246400000,542,542,542,542,542,542,542
11264,Hunting equipment,1460332800000,542,542,542,542,542,542,542
11264,Hunting equipment,1460419200000,542,542,542,542,542,542,542
11264,Hunting equipment,1460505600000,542,542,542,542,542,542,542
11264,Hunting equipment,1460592000000,542,542,542,542,542,542,542
11264,Hunting equipment,1460678400000,542,542,542,542,542,542,542
11264,Hunting equipment,1460764800000,542,542,542,542,542,542,542
11264,Hunting equipment,1460851200000,542,542,542,542,542,542,542
11264,Hunting equipment,1460937600000,542,542,542,542,542,542,542
11264,Hunting equipment,1461024000000,542,542,542,542,542,542,542
11264,Hunting equipment,1461110400000,542,542,542,542,542,542,542
11264,Hunting equipment,1461196800000,542,542,542,542,542,542,542
11264,Hunting equipment,1461283200000,542,542,542,542,542,542,542
11264,Hunting equipment,1461369600000,542,542,542,542,542,542,542
11264,Hunting equipment,1461456000000,542,542,542,542,542,542,542
11264,Hunting equipment,1461542400000,556,542,542,542,542,542,542
11264,Hunting equipment,1461628800000,556,556,542,542,542,556,556
11264,Hunting equipment,1461715200000,556,556,542,542,542,556,556
11264,Hunting equipment,1461801600000,556,556,542,542,542,556,556
11264,Hunting equipment,1461888000000,556,556,542,542,542,556,556
11264,Hunting equipment,1461974400000,556,556,542,542,542,556,556
11264,Hunting equipment,1462060800000,556,556,542,542,542,556,556
11264,Hunting equipment,1462147200000,556,556,556,542,542,556,556
11264,Hunting equipment,1462233600000,556,556,556,542,542,556,556
11264,Hunting equipment,1462320000000,556,556,556,542,542,556,556
11264,Hunting equipment,1462406400000,556,556,556,542,542,556,556
11264,Hunting equipment,1462492800000,556,556,556,542,542,556,556
11264,Hunting equipment,1462579200000,556,556,556,542,542,556,556
11264,Hunting equipment,1462665600000,556,556,556,542,542,556,556
11264,Hunting equipment,1462752000000,556,556,556,542,542,556,556
11264,Hunting equipment,1462838400000,556,556,556,542,542,556,556
11266,Hunting equipment,1449964800000,19,19,19,19,19,19,19
11266,Hunting equipment,1450051200000,19,19,19,19,19,19,19
11266,Hunting equipment,1450137600000,19,19,19,19,19,19,19
11266,Hunting equipment,1450224000000,19,19,19,19,19,19,19
11266,Hunting equipment,1450310400000,19,19,19,19,19,19,19
11266,Hunting equipment,1450396800000,19,19,19,19,19,19,19
11266,Hunting equipment,1450483200000,19,19,19,19,19,19,19
11266,Hunting equipment,1450569600000,19,19,19,19,19,19,19
11266,Hunting equipment,1450656000000,19,19,19,19,19,19,19
11266,Hunting equipment,1450742400000,19,19,19,19,19,19,19
11266,Hunting equipment,1450828800000,19,19,19,19,19,19,19
11266,Hunting equipment,1450915200000,19,19,19,19,19,19,19
11266,Hunting equipment,1451001600000,19,19,19,19,19,19,19
11266,Hunting equipment,1451088000000,19,19,19,19,19,19,19
11266,Hunting equipment,1451174400000,19,19,19,19,19,19,19
11266,Hunting equipment,1451260800000,19,19,19,19,19,19,19
11266,Hunting equipment,1451347200000,19,19,19,19,19,19,19
11266,Hunting equipment,1451433600000,19,19,19,19,19,19,19
11266,Hunting equipment,1451520000000,19,19,19,19,19,19,19
11266,Hunting equipment,1451606400000,19,19,19,19,19,19,19
11266,Hunting equipment,1451692800000,19,19,19,19,19,19,19
11266,Hunting equipment,1451779200000,19,19,19,19,19,19,19
11266,Hunting equipment,1451865600000,19,19,19,19,19,19,19
11266,Hunting equipment,1451952000000,19,19,19,19,19,19,19
11266,Hunting equipment,1452038400000,19,19,19,19,19,19,19
11266,Hunting equipment,1452124800000,19,19,19,19,19,19,19
11266,Hunting equipment,1452211200000,19,19,19,19,19,19,19
11266,Hunting equipment,1452297600000,19,19,19,19,19,19,19
11266,Hunting equipment,1452384000000,19,19,19,19,19,19,19
11266,Hunting equipment,1452470400000,19,19,19,19,19,19,19
11266,Hunting equipment,1452556800000,19,19,19,19,19,19,19
11266,Hunting equipment,1452643200000,19,19,19,19,19,19,19
11266,Hunting equipment,1452729600000,19,19,19,19,19,19,19
11266,Hunting equipment,1452816000000,19,19,19,19,19,19,19
11266,Hunting equipment,1452902400000,19,19,19,19,19,19,19
11266,Hunting equipment,1452988800000,19,19,19,19,19,19,19
11266,Hunting equipment,1453075200000,19,19,19,19,19,19,19
11266,Hunting equipment,1453161600000,19,19,19,19,19,19,19
11266,Hunting equipment,1453248000000,19,19,19,19,19,19,19
11266,Hunting equipment,1453334400000,19,19,19,19,19,19,19
11266,Hunting equipment,1453420800000,19,19,19,19,19,19,19
11266,Hunting equipment,1453507200000,19,19,19,19,19,19,19
11266,Hunting equipment,1453593600000,19,19,19,19,19,19,19
11266,Hunting equipment,1453680000000,19,19,19,19,19,19,19
11266,Hunting equipment,1453766400000,19,19,19,19,19,19,19
11266,Hunting equipment,1453852800000,19,19,19,19,19,19,19
11266,Hunting equipment,1453939200000,19,19,19,19,19,19,19
11266,Hunting equipment,1454025600000,19,19,19,19,19,19,19
11266,Hunting equipment,1454112000000,19,19,19,19,19,19,19
11266,Hunting equipment,1454198400000,19,19,19,19,19,19,19
11266,Hunting equipment,1454284800000,19,19,19,19,19,19,19
11266,Hunting equipment,1454371200000,19,19,19,19,19,19,19
11266,Hunting equipment,1454457600000,19,19,19,19,19,19,19
11266,Hunting equipment,1454544000000,19,19,19,19,19,19,19
11266,Hunting equipment,1454630400000,19,19,19,19,19,19,19
11266,Hunting equipment,1454716800000,19,19,19,19,19,19,19
11266,Hunting equipment,1454803200000,19,19,19,19,19,19,19
11266,Hunting equipment,1454889600000,19,19,19,19,19,19,19
11266,Hunting equipment,1454976000000,19,19,19,19,19,19,19
11266,Hunting equipment,1455062400000,19,19,19,19,19,19,19
11266,Hunting equipment,1455148800000,19,19,19,19,19,19,19
11266,Hunting equipment,1455235200000,19,19,19,19,19,19,19
11266,Hunting equipment,1455321600000,19,19,19,19,19,19,19
11266,Hunting equipment,1455408000000,19,19,19,19,19,19,19
11266,Hunting equipment,1455494400000,19,19,19,19,19,19,19
11266,Hunting equipment,1455580800000,19,19,19,19,19,19,19
11266,Hunting equipment,1455667200000,19,19,19,19,19,19,19
11266,Hunting equipment,1455753600000,19,19,19,19,19,19,19
11266,Hunting equipment,1455840000000,19,19,19,19,19,19,19
11266,Hunting equipment,1455926400000,19,19,19,19,19,19,19
11266,Hunting equipment,1456012800000,19,19,19,19,19,19,19
11266,Hunting equipment,1456099200000,19,19,19,19,19,19,19
11266,Hunting equipment,1456185600000,19,19,19,19,19,19,19
11266,Hunting equipment,1456272000000,19,19,19,19,19,19,19
11266,Hunting equipment,1456358400000,19,19,19,19,19,19,19
11266,Hunting equipment,1456444800000,19,19,19,19,19,19,19
11266,Hunting equipment,1456531200000,19,19,19,19,19,19,19
11266,Hunting equipment,1456617600000,19,19,19,19,19,19,19
11266,Hunting equipment,1456704000000,19,19,19,19,19,19,19
11266,Hunting equipment,1456790400000,19,19,19,19,19,19,19
11266,Hunting equipment,1456876800000,19,19,19,19,19,19,19
11266,Hunting equipment,1456963200000,19,19,19,19,19,19,19
11266,Hunting equipment,1457049600000,19,19,19,19,19,19,19
11266,Hunting equipment,1457136000000,19,19,19,19,19,19,19
11266,Hunting equipment,1457222400000,19,19,19,19,19,19,19
11266,Hunting equipment,1457308800000,19,19,19,19,19,19,19
11266,Hunting equipment,1457395200000,19,19,19,19,19,19,19
11266,Hunting equipment,1457481600000,19,19,19,19,19,19,19
11266,Hunting equipment,1457568000000,19,19,19,19,19,19,19
11266,Hunting equipment,1457654400000,19,19,19,19,19,19,19
11266,Hunting equipment,1457740800000,19,19,19,19,19,19,19
11266,Hunting equipment,1457827200000,19,19,19,19,19,19,19
11266,Hunting equipment,1457913600000,19,19,19,19,19,19,19
11266,Hunting equipment,1458000000000,19,19,19,19,19,19,19
11266,Hunting equipment,1458086400000,19,19,19,19,19,19,19
11266,Hunting equipment,1458172800000,19,19,19,19,19,19,19
11266,Hunting equipment,1458259200000,19,19,19,19,19,19,19
11266,Hunting equipment,1458345600000,19,19,19,19,19,19,19
11266,Hunting equipment,1458432000000,19,19,19,19,19,19,19
11266,Hunting equipment,1458518400000,19,19,19,19,19,19,19
11266,Hunting equipment,1458604800000,19,19,19,19,19,19,19
11266,Hunting equipment,1458691200000,19,19,19,19,19,19,19
11266,Hunting equipment,1458777600000,19,19,19,19,19,19,19
11266,Hunting equipment,1458864000000,19,19,19,19,19,19,19
11266,Hunting equipment,1458950400000,19,19,19,19,19,19,19
11266,Hunting equipment,1459036800000,19,19,19,19,19,19,19
11266,Hunting equipment,1459123200000,19,19,19,19,19,19,19
11266,Hunting equipment,1459209600000,19,19,19,19,19,19,19
11266,Hunting equipment,1459296000000,19,19,19,19,19,19,19
11266,Hunting equipment,1459382400000,19,19,19,19,19,19,19
11266,Hunting equipment,1459468800000,19,19,19,19,19,19,19
11266,Hunting equipment,1459555200000,19,19,19,19,19,19,19
11266,Hunting equipment,1459641600000,19,19,19,19,19,19,19
11266,Hunting equipment,1459728000000,19,19,19,19,19,19,19
11266,Hunting equipment,1459814400000,19,19,19,19,19,19,19
11266,Hunting equipment,1459900800000,19,19,19,19,19,19,19
11266,Hunting equipment,1459987200000,19,19,19,19,19,19,19
11266,Hunting equipment,1460073600000,19,19,19,19,19,19,19
11266,Hunting equipment,1460160000000,19,19,19,19,19,19,19
11266,Hunting equipment,1460246400000,19,19,19,19,19,19,19
11266,Hunting equipment,1460332800000,19,19,19,19,19,19,19
11266,Hunting equipment,1460419200000,19,19,19,19,19,19,19
11266,Hunting equipment,1460505600000,19,19,19,19,19,19,19
11266,Hunting equipment,1460592000000,19,19,19,19,19,19,19
11266,Hunting equipment,1460678400000,19,19,19,19,19,19,19
11266,Hunting equipment,1460764800000,19,19,19,19,19,19,19
11266,Hunting equipment,1460851200000,19,19,19,19,19,19,19
11266,Hunting equipment,1460937600000,19,19,19,19,19,19,19
11266,Hunting equipment,1461024000000,19,19,19,19,19,19,19
11266,Hunting equipment,1461110400000,19,19,19,19,19,19,19
11266,Hunting equipment,1461196800000,19,19,19,19,19,19,19
11266,Hunting equipment,1461283200000,19,19,19,19,19,19,19
11266,Hunting equipment,1461369600000,19,19,19,19,19,19,19
11266,Hunting equipment,1461456000000,19,19,19,19,19,19,19
11266,Hunting equipment,1461542400000,18,19,19,19,19,19,19
11266,Hunting equipment,1461628800000,18,18,19,19,18,19,19
11266,Hunting equipment,1461715200000,18,18,19,19,18,19,19
11266,Hunting equipment,1461801600000,18,18,19,19,18,19,19
11266,Hunting equipment,1461888000000,18,18,19,19,18,19,19
11266,Hunting equipment,1461974400000,18,18,19,19,18,19,19
11266,Hunting equipment,1462060800000,18,18,19,19,18,19,19
11266,Hunting equipment,1462147200000,18,18,18,19,18,19,19
11266,Hunting equipment,1462233600000,18,18,18,19,18,19,19
11266,Hunting equipment,1462320000000,18,18,18,19,18,19,19
11266,Hunting equipment,1462406400000,18,18,18,19,18,19,19
11266,Hunting equipment,1462492800000,18,18,18,19,18,19,19
11266,Hunting equipment,1462579200000,18,18,18,19,18,19,19
11266,Hunting equipment,1462665600000,18,18,18,19,18,19,19
11266,Hunting equipment,1462752000000,18,18,18,19,18,19,19
11266,Hunting equipment,1462838400000,18,18,18,19,18,19,19
10006,Hunting equipment,1449964800000,15,15,18,18,15,19,19
10006,Hunting equipment,1450051200000,14,15,17,18,15,19,19
10006,Hunting equipment,1450137600000,14,14,17,18,14,19,19
10006,Hunting equipment,1450224000000,13,14,17,18,14,19,19
10006,Hunting equipment,1450310400000,13,13,16,18,13,19,19
10006,Hunting equipment,1450396800000,12,13,16,18,13,19,19
10006,Hunting equipment,1450483200000,12,12,15,18,12,19,19
10006,Hunting equipment,1450569600000,12,12,15,18,12,19,19
10006,Hunting equipment,1450656000000,12,12,14,18,12,19,19
10006,Hunting equipment,1450742400000,12,12,14,18,12,19,19
10006,Hunting equipment,1450828800000,13,12,13,18,12,19,19
10006,Hunting equipment,1450915200000,13,13,13,18,12,19,19
10006,Hunting equipment,1451001600000,13,13,12,19,12,19,19
10006,Hunting equipment,1451088000000,13,13,12,19,12,19,19
10006,Hunting equipment,1451174400000,13,13,12,19,12,19,19
10006,Hunting equipment,1451260800000,14,13,12,19,12,19,19
10006,Hunting equipment,1451347200000,14,14,12,19,12,19,19
10006,Hunting equipment,1451433600000,14,14,13,19,12,19,19
10006,Hunting equipment,1451520000000,13,14,13,19,12,19,19
10006,Hunting equipment,1451606400000,13,13,13,18,12,18,18
10006,Hunting equipment,1451692800000,13,13,13,18,12,18,18
10006,Hunting equipment,1451779200000,13,13,13,18,12,18,18
10006,Hunting equipment,1451865600000,14,13,14,18,12,18,18
10006,Hunting equipment,1451952000000,14,14,14,18,12,18,18
10006,Hunting equipment,1452038400000,14,14,14,17,12,17,17
10006,Hunting equipment,1452124800000,15,14,13,17,12,17,17
10006,Hunting equipment,1452211200000,15,15,13,17,12,17,17
10006,Hunting equipment,1452297600000,15,15,13,16,12,16,16
10006,Hunting equipment,1452384000000,16,15,13,16,12,16,16
10006,Hunting equipment,1452470400000,16,16,14,15,12,16,16
10006,Hunting equipment,1452556800000,16,16,14,15,12,16,16
10006,Hunting equipment,1452643200000,17,16,14,14,12,16,16
10006,Hunting equipment,1452729600000,17,17,15,14,12,17,17
10006,Hunting equipment,1452816000000,17,17,15,13,12,17,17
10006,Hunting equipment,1452902400000,18,17,15,13,12,17,17
10006,Hunting equipment,1452988800000,18,18,16,12,12,18,18
10006,Hunting equipment,1453075200000,18,18,16,12,12,18,18
10006,Hunting equipment,1453161600000,18,18,16,12,12,18,18
10006,Hunting equipment,1453248000000,18,18,17,12,12,18,18
10006,Hunting equipment,1453334400000,17,18,17,12,12,18,18
10006,Hunting equipment,1453420800000,17,17,17,13,13,18,18
10006,Hunting equipment,1453507200000,17,17,18,13,13,18,18
10006,Hunting equipment,1453593600000,16,17,18,13,13,18,18
10006,Hunting equipment,1453680000000,16,16,18,13,13,18,18
10006,Hunting equipment,1453766400000,16,16,18,13,13,18,18
10006,Hunting equipment,1453852800000,16,16,18,14,13,18,18
10006,Hunting equipment,1453939200000,16,16,17,14,13,18,18
10006,Hunting equipment,1454025600000,16,16,17,14,13,18,18
10006,Hunting equipment,1454112000000,16,16,17,13,13,18,18
10006,Hunting equipment,1454198400000,16,16,16,13,13,18,18
10006,Hunting equipment,1454284800000,16,16,16,13,13,18,18
10006,Hunting equipment,1454371200000,16,16,16,13,13,18,18
10006,Hunting equipment,1454457600000,16,16,16,14,14,18,18
10006,Hunting equipment,1454544000000,17,16,16,14,14,18,18
10006,Hunting equipment,1454630400000,17,17,16,14,14,18,18
10006,Hunting equipment,1454716800000,17,17,16,15,15,18,18
10006,Hunting equipment,1454803200000,17,17,16,15,15,18,18
10006,Hunting equipment,1454889600000,17,17,16,15,15,18,18
10006,Hunting equipment,1454976000000,17,17,16,16,16,18,18
10006,Hunting equipment,1455062400000,17,17,16,16,16,18,18
10006,Hunting equipment,1455148800000,17,17,17,16,16,18,18
10006,Hunting equipment,1455235200000,18,17,17,17,16,18,18
10006,Hunting equipment,1455321600000,18,18,17,17,16,18,18
10006,Hunting equipment,1455408000000,18,18,17,17,16,18,18
10006,Hunting equipment,1455494400000,18,18,17,18,16,18,18
10006,Hunting equipment,1455580800000,18,18,17,18,16,18,18
10006,Hunting equipment,1455667200000,18,18,17,18,16,18,18
10006,Hunting equipment,1455753600000,19,18,17,18,16,18,18
10006,Hunting equipment,1455840000000,19,19,18,18,16,19,19
10006,Hunting equipment,1455926400000,19,19,18,17,16,19,19
10006,Hunting equipment,1456012800000,19,19,18,17,16,19,19
10006,Hunting equipment,1456099200000,19,19,18,17,16,19,19
10006,Hunting equipment,1456185600000,19,19,18,16,16,19,19
10006,Hunting equipment,1456272000000,19,19,18,16,16,19,19
10006,Hunting equipment,1456358400000,19,19,19,16,16,19,19
10006,Hunting equipment,1456444800000,19,19,19,16,16,19,19
10006,Hunting equipment,1456531200000,19,19,19,16,16,19,19
10006,Hunting equipment,1456617600000,18,19,19,16,16,19,19
10006,Hunting equipment,1456704000000,18,18,19,16,16,19,19
10006,Hunting equipment,1456790400000,17,18,19,16,16,19,19
10006,Hunting equipment,1456876800000,17,17,19,16,16,19,19
10006,Hunting equipment,1456963200000,17,17,19,16,16,19,19
10006,Hunting equipment,1457049600000,17,17,19,16,16,19,19
10006,Hunting equipment,1457136000000,17,17,19,17,17,19,19
10006,Hunting equipment,1457222400000,18,17,18,17,17,19,19
10006,Hunting equipment,1457308800000,18,18,18,17,17,19,19
10006,Hunting equipment,1457395200000,18,18,17,17,17,19,19
10006,Hunting equipment,1457481600000,18,18,17,17,17,19,19
10006,Hunting equipment,1457568000000,18,18,17,17,17,19,19
10006,Hunting equipment,1457654400000,18,18,17,17,17,19,19
10006,Hunting equipment,1457740800000,17,18,17,17,17,19,19
10006,Hunting equipment,1457827200000,17,17,18,18,17,19,19
10006,Hunting equipment,1457913600000,16,17,18,18,17,19,19
10006,Hunting equipment,1458000000000,16,16,18,18,16,19,19
10006,Hunting equipment,1458086400000,16,16,18,18,16,19,19
10006,Hunting equipment,1458172800000,15,16,18,18,16,19,19
10006,Hunting equipment,1458259200000,15,15,18,18,15,19,19
10006,Hunting equipment,1458345600000,15,15,17,19,15,19,19
10006,Hunting equipment,1458432000000,16,15,17,19,15,19,19
10006,Hunting equipment,1458518400000,16,16,16,19,15,19,19
10006,Hunting equipment,1458604800000,16,16,16,19,15,19,19
10006,Hunting equipment,1458691200000,16,16,16,19,15,19,19
10006,Hunting equipment,1458777600000,16,16,15,19,15,19,19
10006,Hunting equipment,1458864000000,16,16,15,19,15,19,19
10006,Hunting equipment,1458950400000,17,16,15,19,15,19,19
10006,Hunting equipment,1459036800000,17,17,16,19,15,19,19
10006,Hunting equipment,1459123200000,17,17,16,19,15,19,19
10006,Hunting equipment,1459209600000,18,17,16,18,15,18,18
10006,Hunting equipment,1459296000000,18,18,16,18,15,18,18
10006,Hunting equipment,1459382400000,18,18,16,17,15,18,18
10006,Hunting equipment,1459468800000,19,18,16,17,15,18,18
10006,Hunting equipment,1459555200000,19,19,17,17,15,19,19
10006,Hunting equipment,1459641600000,19,19,17,17,15,19,19
10006,Hunting equipment,1459728000000,20,19,17,17,15,19,19
10006,Hunting equipment,1459814400000,20,20,18,18,15,20,20
10006,Hunting equipment,1459900800000,20,20,18,18,15,20,20
10006,Hunting equipment,1459987200000,20,20,18,18,15,20,20
10006,Hunting equipment,1460073600000,20,20,19,18,15,20,20
10006,Hunting equipment,1460160000000,20,20,19,18,15,20,20
10006,Hunting equipment,1460246400000,20,20,19,18,15,20,20
10006,Hunting equipment,1460332800000,21,20,20,17,15,20,20
10006,Hunting equipment,1460419200000,21,21,20,17,15,21,21
10006,Hunting equipment,1460505600000,21,21,20,16,15,21,21
10006,Hunting equipment,1460592000000,21,21,20,16,15,21,21
10006,Hunting equipment,1460678400000,21,21,20,16,15,21,21
10006,Hunting equipment,1460764800000,21,21,20,15,15,21,21
10006,Hunting equipment,1460851200000,21,21,20,15,15,21,21
10006,Hunting equipment,1460937600000,23,21,21,15,15,21,21
10006,Hunting equipment,1461024000000,23,23,21,16,16,23,23
10006,Hunting equipment,1461110400000,23,23,21,16,16,23,23
10006,Hunting equipment,1461196800000,23,23,21,16,16,23,23
10006,Hunting equipment,1461283200000,23,23,21,16,16,23,23
10006,Hunting equipment,1461369600000,23,23,21,16,16,23,23
10006,Hunting equipment,1461456000000,25,23,21,16,16,23,23
10006,Hunting equipment,1461542400000,25,25,23,17,17,25,25
10006,Hunting equipment,1461628800000,25,25,23,17,17,25,25
10006,Hunting equipment,1461715200000,24,25,23,17,17,25,25
10006,Hunting equipment,1461801600000,24,24,23,18,18,25,25
10006,Hunting equipment,1461888000000,24,24,23,18,18,25,25
10006,Hunting equipment,1461974400000,24,24,23,18,18,25,25
10006,Hunting equipment,1462060800000,25,24,25,19,19,25,25
10006,Hunting equipment,1462147200000,25,25,25,19,19,25,25
10006,Hunting equipment,1462233600000,25,25,25,19,19,25,25
10006,Hunting equipment,1462320000000,23,25,24,20,20,25,25
10006,Hunting equipment,1462406400000,23,23,24,20,20,25,25
10006,Hunting equipment,1462492800000,21,23,24,20,20,25,25
10006,Hunting equipment,1462579200000,21,21,24,20,20,25,25
10006,Hunting equipment,1462665600000,21,21,25,20,20,25,25
10006,Hunting equipment,1462752000000,19,21,25,20,20,25,25
10006,Hunting equipment,1462838400000,19,19,25,20,19,25,25
1474,Hunting equipment,1449964800000,6471,6430,6383,6235,5977,6492,6492
1474,Hunting equipment,1450051200000,6471,6471,6357,6321,5977,6492,6492
1474,Hunting equipment,1450137600000,6568,6471,6357,6405,5977,6492,6492
1474,Hunting equipment,1450224000000,6568,6568,6333,6405,5977,6568,6568
1474,Hunting equipment,1450310400000,6715,6568,6333,6228,5977,6568,6568
1474,Hunting equipment,1450396800000,6715,6715,6492,6228,5977,6715,6715
1474,Hunting equipment,1450483200000,6761,6715,6430,6074,5977,6715,6715
1474,Hunting equipment,1450569600000,6761,6761,6471,6074,5977,6761,6761
1474,Hunting equipment,1450656000000,6680,6761,6471,6039,5977,6761,6761
1474,Hunting equipment,1450742400000,6482,6680,6568,6039,5977,6761,6761
1474,Hunting equipment,1450828800000,6340,6482,6568,5977,5977,6761,6761
1474,Hunting equipment,1450915200000,6342,6340,6715,5977,5977,6761,6761
1474,Hunting equipment,1451001600000,6497,6342,6715,5982,5982,6761,6761
1474,Hunting equipment,1451088000000,6497,6497,6761,5982,5982,6761,6761
1474,Hunting equipment,1451174400000,6480,6497,6761,6099,6099,6761,6761
1474,Hunting equipment,1451260800000,6577,6480,6680,6099,6099,6761,6761
1474,Hunting equipment,1451347200000,6577,6577,6482,6156,6156,6761,6761
1474,Hunting equipment,1451433600000,6572,6577,6340,6297,6271,6761,6761
1474,Hunting equipment,1451520000000,6614,6572,6342,6297,6271,6761,6761
1474,Hunting equipment,1451606400000,6614,6614,6497,6271,6271,6761,6761
1474,Hunting equipment,1451692800000,6675,6614,6497,6271,6271,6761,6761
1474,Hunting equipment,1451779200000,6586,6675,6480,6342,6333,6761,6761
1474,Hunting equipment,1451865600000,6623,6586,6577,6342,6333,6761,6761
1474,Hunting equipment,1451952000000,6623,6623,6577,6383,6333,6761,6761
1474,Hunting equipment,1452038400000,6547,6623,6572,6357,6333,6761,6761
1474,Hunting equipment,1452124800000,6542,6547,6614,6357,6333,6761,6761
1474,Hunting equipment,1452211200000,6544,6542,6614,6333,6333,6761,6761
1474,Hunting equipment,1452297600000,6544,6544,6675,6333,6333,6761,6761
1474,Hunting equipment,1452384000000,6527,6544,6586,6492,6340,6761,6761
1474,Hunting equipment,1452470400000,6330,6527,6623,6430,6340,6761,6761
1474,Hunting equipment,1452556800000,6330,6330,6623,6471,6330,6761,6761
1474,Hunting equipment,1452643200000,6396,6330,6547,6471,6330,6761,6761
1474,Hunting equipment,1452729600000,6396,6396,6542,6568,6330,6761,6761
1474,Hunting equipment,1452816000000,6395,6396,6544,6568,6330,6761,6761
1474,Hunting equipment,1452902400000,6380,6395,6544,6715,6330,6761,6761
1474,Hunting equipment,1452988800000,6274,6380,6527,6715,6330,6761,6761
1474,Hunting equipment,1453075200000,6274,6274,6330,6761,6274,6761,6761
1474,Hunting equipment,1453161600000,6096,6274,6330,6761,6274,6761,6761
1474,Hunting equipment,1453248000000,6096,6096,6396,6680,6096,6680,6680
1474,Hunting equipment,1453334400000,6081,6096,6396,6482,6096,6675,6675
1474,Hunting equipment,1453420800000,6056,6081,6395,6340,6081,6675,6675
1474,Hunting equipment,1453507200000,6056,6056,6380,6342,6056,6675,6675
1474,Hunting equipment,1453593600000,6093,6056,6274,6497,6056,6675,6675
1474,Hunting equipment,1453680000000,6373,6093,6274,6497,6056,6675,6675
1474,Hunting equipment,1453766400000,6449,6373,6096,6480,6056,6675,6675
1474,Hunting equipment,1453852800000,6449,6449,6096,6577,6056,6675,6675
1474,Hunting equipment,1453939200000,6167,6449,6081,6577,6056,6675,6675
1474,Hunting equipment,1454025600000,5935,6167,6056,6572,6056,6675,6675
1474,Hunting equipment,1454112000000,5795,5935,6056,6614,5935,6675,6675
1474,Hunting equipment,1454198400000,5683,5795,6093,6614,5795,6675,6675
1474,Hunting equipment,1454284800000,5575,5683,6373,6675,5683,6675,6675
1474,Hunting equipment,1454371200000,5637,5575,6449,6586,5575,6623,6623
1474,Hunting equipment,1454457600000,5653,5637,6449,6623,5575,6623,6623
1474,Hunting equipment,1454544000000,5653,5653,6167,6623,5575,6623,6623
1474,Hunting equipment,1454630400000,5804,5653,5935,6547,5575,6547,6547
1474,Hunting equipment,1454716800000,5794,5804,5795,6542,5575,6544,6544
1474,Hunting equipment,1454803200000,5794,5794,5683,6544,5575,6544,6544
1474,Hunting equipment,1454889600000,5736,5794,5575,6544,5575,6544,6544
1474,Hunting equipment,1454976000000,5557,5736,5637,6527,5575,6527,6527
1474,Hunting equipment,1455062400000,5454,5557,5653,6330,5557,6449,6449
1474,Hunting equipment,1455148800000,5454,5454,5653,6330,5454,6449,6449
1474,Hunting equipment,1455235200000,5421,5454,5804,6396,5454,6449,6449
1474,Hunting equipment,1455321600000,5516,5421,5794,6396,5421,6449,6449
1474,Hunting equipment,1455408000000,5726,5516,5794,6395,5421,6449,6449
1474,Hunting equipment,1455494400000,5726,5726,5736,6380,5421,6449,6449
1474,Hunting equipment,1455580800000,5708,5726,5557,6274,5421,6449,6449
1474,Hunting equipment,1455667200000,5708,5708,5454,6274,5421,6449,6449
1474,Hunting equipment,1455753600000,5699,5708,5454,6096,5421,6449,6449
1474,Hunting equipment,1455840000000,5699,5699,5421,6096,5421,6449,6449
1474,Hunting equipment,1455926400000,5675,5699,5516,6081,5421,6449,6449
1474,Hunting equipment,1456012800000,5675,5675,5726,6056,5421,6449,6449
1474,Hunting equipment,1456099200000,5780,5675,5726,6056,5421,6449,6449
1474,Hunting equipment,1456185600000,5780,5780,5708,6093,5421,6449,6449
1474,Hunting equipment,1456272000000,5999,5780,5708,6373,5421,6449,6449
1474,Hunting equipment,1456358400000,5999,5999,5699,6449,5421,6449,6449
1474,Hunting equipment,1456444800000,6161,5999,5699,6449,5421,6449,6449
1474,Hunting equipment,1456531200000,6161,6161,5675,6167,5421,6167,6167
1474,Hunting equipment,1456617600000,6238,6161,5675,5935,5421,6161,6161
1474,Hunting equipment,1456704000000,6238,6238,5780,5795,5421,6238,6238
1474,Hunting equipment,1456790400000,6472,6238,5780,5683,5421,6238,6238
1474,Hunting equipment,1456876800000,6472,6472,5999,5575,5421,6472,6472
1474,Hunting equipment,1456963200000,6574,6472,5999,5637,5421,6472,6472
1474,Hunting equipment,1457049600000,6574,6574,6161,5653,5421,6574,6574
1474,Hunting equipment,1457136000000,6394,6574,6161,5653,5421,6574,6574
1474,Hunting equipment,1457222400000,6394,6394,6238,5804,5421,6574,6574
1474,Hunting equipment,1457308800000,6513,6394,6238,5794,5421,6574,6574
1474,Hunting equipment,1457395200000,6393,6513,6472,5794,5421,6574,6574
1474,Hunting equipment,1457481600000,6217,6393,6472,5736,5421,6574,6574
1474,Hunting equipment,1457568000000,6217,6217,6574,5557,5421,6574,6574
1474,Hunting equipment,1457654400000,6290,6217,6574,5454,5421,6574,6574
1474,Hunting equipment,1457740800000,6197,6290,6394,5454,5421,6574,6574
1474,Hunting equipment,1457827200000,6138,6197,6394,5421,5421,6574,6574
1474,Hunting equipment,1457913600000,6138,6138,6513,5516,5516,6574,6574
1474,Hunting equipment,1458000000000,6101,6138,6393,5726,5675,6574,6574
1474,Hunting equipment,1458086400000,6101,6101,6217,5726,5675,6574,6574
1474,Hunting equipment,1458172800000,6034,6101,6217,5708,5675,6574,6574
1474,Hunting equipment,1458259200000,5943,6034,6290,5708,5675,6574,6574
1474,Hunting equipment,1458345600000,5943,5943,6197,5699,5675,6574,6574
1474,Hunting equipment,1458432000000,5792,5943,6138,5699,5675,6574,6574
1474,Hunting equipment,1458518400000,5866,5792,6138,5675,5675,6574,6574
1474,Hunting equipment,1458604800000,5866,5866,6101,5675,5675,6574,6574
1474,Hunting equipment,1458691200000,6057,5866,6101,5780,5780,6574,6574
1474,Hunting equipment,1458777600000,6057,6057,6034,5780,5780,6574,6574
1474,Hunting equipment,1458864000000,6127,6057,5943,5999,5792,6574,6574
1474,Hunting equipment,1458950400000,5958,6127,5943,5999,5792,6574,6574
1474,Hunting equipment,1459036800000,5934,5958,5792,6161,5792,6574,6574
1474,Hunting equipment,1459123200000,5934,5934,5866,6161,5792,6574,6574
1474,Hunting equipment,1459209600000,5934,5934,5866,6238,5792,6574,6574
1474,Hunting equipment,1459296000000,6091,5934,6057,6238,5792,6574,6574
1474,Hunting equipment,1459382400000,5923,6091,6057,6472,5792,6574,6574
1474,Hunting equipment,1459468800000,5923,5923,6127,6472,5792,6574,6574
1474,Hunting equipment,1459555200000,5845,5923,5958,6574,5792,6574,6574
1474,Hunting equipment,1459641600000,5845,5845,5934,6574,5792,6574,6574
1474,Hunting equipment,1459728000000,5888,5845,5934,6394,5792,6513,6513
1474,Hunting equipment,1459814400000,5894,5888,5934,6394,5792,6513,6513
1474,Hunting equipment,1459900800000,5894,5894,6091,6513,5792,6513,6513
1474,Hunting equipment,1459987200000,5815,5894,5923,6393,5792,6393,6393
1474,Hunting equipment,1460073600000,5815,5815,5923,6217,5792,6290,6290
1474,Hunting equipment,1460160000000,5940,5815,5845,6217,5792,6290,6290
1474,Hunting equipment,1460246400000,5981,5940,5845,6290,5792,6290,6290
1474,Hunting equipment,1460332800000,5981,5981,5888,6197,5792,6197,6197
1474,Hunting equipment,1460419200000,6002,5981,5894,6138,5792,6138,6138
1474,Hunting equipment,1460505600000,6184,6002,5894,6138,5792,6138,6138
1474,Hunting equipment,1460592000000,6044,6184,5815,6101,5792,6184,6184
1474,Hunting equipment,1460678400000,6044,6044,5815,6101,5792,6184,6184
1474,Hunting equipment,1460764800000,6114,6044,5940,6034,5792,6184,6184
1474,Hunting equipment,1460851200000,6086,6114,5981,5943,5792,6184,6184
1474,Hunting equipment,1460937600000,6086,6086,5981,5943,5792,6184,6184
1474,Hunting equipment,1461024000000,6016,6086,6002,5792,5792,6184,6184
1474,Hunting equipment,1461110400000,6183,6016,6184,5866,5815,6184,6184
1474,Hunting equipment,1461196800000,6097,6183,6044,5866,5815,6184,6184
1474,Hunting equipment,1461283200000,6063,6097,6044,6057,5815,6184,6184
1474,Hunting equipment,1461369600000,6063,6063,6114,6057,5815,6184,6184
1474,Hunting equipment,1461456000000,5998,6063,6086,6127,5815,6184,6184
1474,Hunting equipment,1461542400000,5954,5998,6086,5958,5815,6184,6184
1474,Hunting equipment,1461628800000,5954,5954,6016,5934,5815,6184,6184
1474,Hunting equipment,1461715200000,6134,5954,6183,5934,5815,6184,6184
1474,Hunting equipment,1461801600000,6208,6134,6097,5934,5815,6184,6184
1474,Hunting equipment,1461888000000,6208,6208,6063,6091,5815,6208,6208
1474,Hunting equipment,1461974400000,6251,6208,6063,5923,5815,6208,6208
1474,Hunting equipment,1462060800000,6396,6251,5998,5923,5815,6251,6251
1474,Hunting equipment,1462147200000,6510,6396,5954,5845,5815,6396,6396
1474,Hunting equipment,1462233600000,6510,6510,5954,5845,5815,6510,6510
1474,Hunting equipment,1462320000000,6747,6510,6134,5888,5815,6510,6510
1474,Hunting equipment,1462406400000,6747,6747,6208,5894,5815,6747,6747
1474,Hunting equipment,1462492800000,6752,6747,6208,5894,5815,6747,6747
1474,Hunting equipment,1462579200000,6752,6752,6251,5815,5815,6752,6752
1474,Hunting equipment,1462665600000,6442,6752,6396,5815,5815,6752,6752
1474,Hunting equipment,1462752000000,6293,6442,6510,5940,5940,6752,6752
1474,Hunting equipment,1462838400000,6293,6293,6510,5981,5954,6752,6752
10008,Hunting equipment,1449964800000,630,614,609,783,606,783,783
10008,Hunting equipment,1450051200000,630,630,609,775,606,775,775
10008,Hunting equipment,1450137600000,639,630,612,775,606,775,775
10008,Hunting equipment,1450224000000,639,639,612,751,606,751,751
10008,Hunting equipment,1450310400000,651,639,612,751,606,751,751
10008,Hunting equipment,1450396800000,651,651,614,746,606,746,746
10008,Hunting equipment,1450483200000,675,651,614,746,606,746,746
10008,Hunting equipment,1450569600000,675,675,630,746,606,746,746
10008,Hunting equipment,1450656000000,686,675,630,743,606,743,743
10008,Hunting equipment,1450742400000,686,686,639,743,606,743,743
10008,Hunting equipment,1450828800000,694,686,639,739,606,739,739
10008,Hunting equipment,1450915200000,694,694,651,739,606,739,739
10008,Hunting equipment,1451001600000,700,694,651,739,606,739,739
10008,Hunting equipment,1451088000000,700,700,675,721,606,721,721
10008,Hunting equipment,1451174400000,731,700,675,721,606,721,721
10008,Hunting equipment,1451260800000,751,731,686,695,606,731,731
10008,Hunting equipment,1451347200000,751,751,686,695,606,751,751
10008,Hunting equipment,1451433600000,719,751,694,665,606,751,751
10008,Hunting equipment,1451520000000,694,719,694,665,606,751,751
10008,Hunting equipment,1451606400000,694,694,700,634,606,751,751
10008,Hunting equipment,1451692800000,684,694,700,634,606,751,751
10008,Hunting equipment,1451779200000,698,684,731,606,606,751,751
10008,Hunting equipment,1451865600000,698,698,751,606,606,751,751
10008,Hunting equipment,1451952000000,719,698,751,609,609,751,751
10008,Hunting equipment,1452038400000,719,719,719,609,609,751,751
10008,Hunting equipment,1452124800000,755,719,694,612,612,751,751
10008,Hunting equipment,1452211200000,755,755,694,612,612,755,755
10008,Hunting equipment,1452297600000,785,755,684,612,612,755,755
10008,Hunting equipment,1452384000000,785,785,698,614,614,785,785
10008,Hunting equipment,1452470400000,806,785,698,614,614,785,785
10008,Hunting equipment,1452556800000,806,806,719,630,630,806,806
10008,Hunting equipment,1452643200000,784,806,719,630,630,806,806
10008,Hunting equipment,1452729600000,784,784,755,639,639,806,806
10008,Hunting equipment,1452816000000,778,784,755,639,639,806,806
10008,Hunting equipment,1452902400000,778,778,785,651,651,806,806
10008,Hunting equipment,1452988800000,789,778,785,651,651,806,806
10008,Hunting equipment,1453075200000,789,789,806,675,675,806,806
10008,Hunting equipment,1453161600000,759,789,806,675,675,806,806
10008,Hunting equipment,1453248000000,759,759,784,686,684,806,806
10008,Hunting equipment,1453334400000,780,759,784,686,684,806,806
10008,Hunting equipment,1453420800000,780,780,778,694,684,806,806
10008,Hunting equipment,1453507200000,776,780,778,694,684,806,806
10008,Hunting equipment,1453593600000,776,776,789,700,684,806,806
10008,Hunting equipment,1453680000000,785,776,789,700,684,806,806
10008,Hunting equipment,1453766400000,785,785,759,731,684,806,806
10008,Hunting equipment,1453852800000,762,785,759,751,684,806,806
10008,Hunting equipment,1453939200000,762,762,780,751,684,806,806
10008,Hunting equipment,1454025600000,745,762,780,719,684,806,806
10008,Hunting equipment,1454112000000,745,745,776,694,684,806,806
10008,Hunting equipment,1454198400000,745,745,776,694,684,806,806
10008,Hunting equipment,1454284800000,752,745,785,684,684,806,806
10008,Hunting equipment,1454371200000,752,752,785,698,698,806,806
10008,Hunting equipment,1454457600000,738,752,762,698,698,806,806
10008,Hunting equipment,1454544000000,738,738,762,719,719,806,806
10008,Hunting equipment,1454630400000,762,738,745,719,719,806,806
10008,Hunting equipment,1454716800000,746,762,745,755,738,806,806
10008,Hunting equipment,1454803200000,746,746,745,755,738,806,806
10008,Hunting equipment,1454889600000,728,746,752,785,738,806,806
10008,Hunting equipment,1454976000000,694,728,752,785,728,806,806
10008,Hunting equipment,1455062400000,679,694,738,806,694,806,806
10008,Hunting equipment,1455148800000,679,679,738,806,679,806,806
10008,Hunting equipment,1455235200000,668,679,762,784,679,789,789
10008,Hunting equipment,1455321600000,668,668,746,784,668,789,789
10008,Hunting equipment,1455408000000,657,668,746,778,668,789,789
10008,Hunting equipment,1455494400000,657,657,728,778,657,789,789
10008,Hunting equipment,1455580800000,658,657,694,789,657,789,789
10008,Hunting equipment,1455667200000,658,658,679,789,657,789,789
10008,Hunting equipment,1455753600000,657,658,679,759,657,785,785
10008,Hunting equipment,1455840000000,657,657,668,759,657,785,785
10008,Hunting equipment,1455926400000,657,657,668,780,657,785,785
10008,Hunting equipment,1456012800000,659,657,657,780,657,785,785
10008,Hunting equipment,1456099200000,659,659,657,776,657,785,785
10008,Hunting equipment,1456185600000,662,659,658,776,657,785,785
10008,Hunting equipment,1456272000000,662,662,658,785,657,785,785
10008,Hunting equipment,1456358400000,666,662,657,785,657,785,785
10008,Hunting equipment,1456444800000,666,666,657,762,657,762,762
10008,Hunting equipment,1456531200000,688,666,657,762,657,762,762
10008,Hunting equipment,1456617600000,708,688,659,745,657,762,762
10008,Hunting equipment,1456704000000,700,708,659,745,657,762,762
10008,Hunting equipment,1456790400000,688,700,662,745,657,762,762
10008,Hunting equipment,1456876800000,688,688,662,752,657,762,762
10008,Hunting equipment,1456963200000,702,688,666,752,657,762,762
10008,Hunting equipment,1457049600000,702,702,666,738,657,762,762
10008,Hunting equipment,1457136000000,721,702,688,738,657,762,762
10008,Hunting equipment,1457222400000,721,721,708,762,657,762,762
10008,Hunting equipment,1457308800000,727,721,700,746,657,746,746
10008,Hunting equipment,1457395200000,727,727,688,746,657,746,746
10008,Hunting equipment,1457481600000,738,727,688,728,657,728,728
10008,Hunting equipment,1457568000000,738,738,702,694,657,738,738
10008,Hunting equipment,1457654400000,738,738,702,679,657,738,738
10008,Hunting equipment,1457740800000,735,738,721,679,657,738,738
10008,Hunting equipment,1457827200000,735,735,721,668,657,738,738
10008,Hunting equipment,1457913600000,751,735,727,668,657,738,738
10008,Hunting equipment,1458000000000,751,751,727,657,657,751,751
10008,Hunting equipment,1458086400000,732,751,738,657,657,751,751
10008,Hunting equipment,1458172800000,732,732,738,658,657,751,751
10008,Hunting equipment,1458259200000,705,732,738,658,657,751,751
10008,Hunting equipment,1458345600000,705,705,735,657,657,751,751
10008,Hunting equipment,1458432000000,694,705,735,657,657,751,751
10008,Hunting equipment,1458518400000,669,694,751,657,657,751,751
10008,Hunting equipment,1458604800000,669,669,751,659,659,751,751
10008,Hunting equipment,1458691200000,636,669,732,659,659,751,751
10008,Hunting equipment,1458777600000,636,636,732,662,636,751,751
10008,Hunting equipment,1458864000000,604,636,705,662,636,751,751
10008,Hunting equipment,1458950400000,604,604,705,666,604,751,751
10008,Hunting equipment,1459036800000,588,604,694,666,604,751,751
10008,Hunting equipment,1459123200000,588,588,669,688,588,751,751
10008,Hunting equipment,1459209600000,581,588,669,708,588,751,751
10008,Hunting equipment,1459296000000,581,581,636,700,581,751,751
10008,Hunting equipment,1459382400000,576,581,636,688,581,751,751
10008,Hunting equipment,1459468800000,576,576,604,688,576,751,751
10008,Hunting equipment,1459555200000,576,576,604,702,576,751,751
10008,Hunting equipment,1459641600000,558,576,588,702,576,751,751
10008,Hunting equipment,1459728000000,558,558,588,721,558,751,751
10008,Hunting equipment,1459814400000,557,558,581,721,558,751,751
10008,Hunting equipment,1459900800000,557,557,581,727,557,751,751
10008,Hunting equipment,1459987200000,569,557,576,727,557,751,751
10008,Hunting equipment,1460073600000,569,569,576,738,557,751,751
10008,Hunting equipment,1460160000000,569,569,576,738,557,751,751
10008,Hunting equipment,1460246400000,556,569,558,738,557,751,751
10008,Hunting equipment,1460332800000,556,556,558,735,556,751,751
10008,Hunting equipment,1460419200000,533,556,557,735,556,751,751
10008,Hunting equipment,1460505600000,533,533,557,751,533,751,751
10008,Hunting equipment,1460592000000,512,533,569,751,533,751,751
10008,Hunting equipment,1460678400000,512,512,569,732,512,732,732
10008,Hunting equipment,1460764800000,512,512,569,732,512,732,732
10008,Hunting equipment,1460851200000,513,512,556,705,512,705,705
10008,Hunting equipment,1460937600000,513,513,556,705,512,705,705
10008,Hunting equipment,1461024000000,513,513,533,694,512,694,694
10008,Hunting equipment,1461110400000,508,513,533,669,512,669,669
10008,Hunting equipment,1461196800000,508,508,512,669,508,669,669
10008,Hunting equipment,1461283200000,518,508,512,636,508,636,636
10008,Hunting equipment,1461369600000,518,518,512,636,508,636,636
10008,Hunting equipment,1461456000000,515,518,513,604,508,604,604
10008,Hunting equipment,1461542400000,515,515,513,604,508,604,604
10008,Hunting equipment,1461628800000,511,515,513,588,508,588,588
10008,Hunting equipment,1461715200000,511,511,508,588,508,588,588
10008,Hunting equipment,1461801600000,491,511,508,581,508,581,581
10008,Hunting equipment,1461888000000,491,491,518,581,491,581,581
10008,Hunting equipment,1461974400000,491,491,518,576,491,576,576
10008,Hunting equipment,1462060800000,506,491,515,576,491,576,576
10008,Hunting equipment,1462147200000,506,506,515,576,491,576,576
10008,Hunting equipment,1462233600000,509,506,511,558,491,569,569
10008,Hunting equipment,1462320000000,509,509,511,558,491,569,569
10008,Hunting equipment,1462406400000,501,509,491,557,491,569,569
10008,Hunting equipment,1462492800000,501,501,491,557,491,569,569
10008,Hunting equipment,1462579200000,508,501,491,569,491,569,569
10008,Hunting equipment,1462665600000,508,508,506,569,491,569,569
10008,Hunting equipment,1462752000000,526,508,506,569,491,569,569
10008,Hunting equipment,1462838400000,526,526,509,556,491,556,556
10012,Hunting equipment,1449964800000,160,160,160,162,160,162,162
10012,Hunting equipment,1450051200000,160,160,160,162,160,162,162
10012,Hunting equipment,1450137600000,160,160,160,162,160,162,162
10012,Hunting equipment,1450224000000,160,160,160,162,160,162,162
10012,Hunting equipment,1450310400000,160,160,160,162,160,162,162
10012,Hunting equipment,1450396800000,160,160,160,162,160,162,162
10012,Hunting equipment,1450483200000,160,160,160,162,160,162,162
10012,Hunting equipment,1450569600000,160,160,160,162,160,162,162
10012,Hunting equipment,1450656000000,160,160,160,161,160,161,161
10012,Hunting equipment,1450742400000,160,160,160,161,160,161,161
10012,Hunting equipment,1450828800000,160,160,160,161,160,161,161
10012,Hunting equipment,1450915200000,160,160,160,161,160,161,161
10012,Hunting equipment,1451001600000,160,160,160,161,160,161,161
10012,Hunting equipment,1451088000000,160,160,160,161,160,161,161
10012,Hunting equipment,1451174400000,160,160,160,161,160,161,161
10012,Hunting equipment,1451260800000,160,160,160,161,160,161,161
10012,Hunting equipment,1451347200000,160,160,160,161,160,161,161
10012,Hunting equipment,1451433600000,160,160,160,161,160,161,161
10012,Hunting equipment,1451520000000,160,160,160,161,160,161,161
10012,Hunting equipment,1451606400000,160,160,160,161,160,161,161
10012,Hunting equipment,1451692800000,163,160,160,160,160,160,160
10012,Hunting equipment,1451779200000,163,163,160,160,160,163,163
10012,Hunting equipment,1451865600000,163,163,160,160,160,163,163
10012,Hunting equipment,1451952000000,163,163,160,160,160,163,163
10012,Hunting equipment,1452038400000,163,163,160,160,160,163,163
10012,Hunting equipment,1452124800000,163,163,160,160,160,163,163
10012,Hunting equipment,1452211200000,163,163,160,160,160,163,163
10012,Hunting equipment,1452297600000,163,163,163,160,160,163,163
10012,Hunting equipment,1452384000000,163,163,163,160,160,163,163
10012,Hunting equipment,1452470400000,163,163,163,160,160,163,163
10012,Hunting equipment,1452556800000,165,163,163,160,160,163,163
10012,Hunting equipment,1452643200000,165,165,163,160,160,165,165
10012,Hunting equipment,1452729600000,165,165,163,160,160,165,165
10012,Hunting equipment,1452816000000,165,165,163,160,160,165,165
10012,Hunting equipment,1452902400000,165,165,163,160,160,165,165
10012,Hunting equipment,1452988800000,165,165,163,160,160,165,165
10012,Hunting equipment,1453075200000,165,165,163,160,160,165,165
10012,Hunting equipment,1453161600000,165,165,165,160,160,165,165
10012,Hunting equipment,1453248000000,165,165,165,160,160,165,165
10012,Hunting equipment,1453334400000,160,165,165,160,160,165,165
10012,Hunting equipment,1453420800000,160,160,165,160,160,165,165
10012,Hunting equipment,1453507200000,160,160,165,160,160,165,165
10012,Hunting equipment,1453593600000,160,160,165,160,160,165,165
10012,Hunting equipment,1453680000000,160,160,165,160,160,165,165
10012,Hunting equipment,1453766400000,160,160,165,160,160,165,165
10012,Hunting equipment,1453852800000,160,160,165,160,160,165,165
10012,Hunting equipment,1453939200000,160,160,160,160,160,165,165
10012,Hunting equipment,1454025600000,163,160,160,160,160,165,165
10012,Hunting equipment,1454112000000,163,163,160,160,160,165,165
10012,Hunting equipment,1454198400000,163,163,160,160,160,165,165
10012,Hunting equipment,1454284800000,163,163,160,163,160,165,165
10012,Hunting equipment,1454371200000,163,163,160,163,160,165,165
10012,Hunting equipment,1454457600000,163,163,160,163,160,165,165
10012,Hunting equipment,1454544000000,163,163,160,163,160,165,165
10012,Hunting equipment,1454630400000,163,163,163,163,160,165,165
10012,Hunting equipment,1454716800000,163,163,163,163,160,165,165
10012,Hunting equipment,1454803200000,166,163,163,163,160,165,165
10012,Hunting equipment,1454889600000,166,166,163,163,160,166,166
10012,Hunting equipment,1454976000000,166,166,163,163,160,166,166
10012,Hunting equipment,1455062400000,166,166,163,163,160,166,166
10012,Hunting equipment,1455148800000,166,166,163,165,160,166,166
10012,Hunting equipment,1455235200000,166,166,163,165,160,166,166
10012,Hunting equipment,1455321600000,166,166,163,165,160,166,166
10012,Hunting equipment,1455408000000,166,166,166,165,160,166,166
10012,Hunting equipment,1455494400000,166,166,166,165,160,166,166
10012,Hunting equipment,1455580800000,171,166,166,165,160,166,166
10012,Hunting equipment,1455667200000,171,171,166,165,160,171,171
10012,Hunting equipment,1455753600000,171,171,166,165,160,171,171
10012,Hunting equipment,1455840000000,171,171,166,165,160,171,171
10012,Hunting equipment,1455926400000,171,171,166,160,160,171,171
10012,Hunting equipment,1456012800000,171,171,166,160,160,171,171
10012,Hunting equipment,1456099200000,171,171,166,160,160,171,171
10012,Hunting equipment,1456185600000,171,171,171,160,160,171,171
10012,Hunting equipment,1456272000000,171,171,171,160,160,171,171
10012,Hunting equipment,1456358400000,165,171,171,160,160,171,171
10012,Hunting equipment,1456444800000,165,165,171,160,160,171,171
10012,Hunting equipment,1456531200000,165,165,171,160,160,171,171
10012,Hunting equipment,1456617600000,165,165,171,163,163,171,171
10012,Hunting equipment,1456704000000,165,165,171,163,163,171,171
10012,Hunting equipment,1456790400000,165,165,171,163,163,171,171
10012,Hunting equipment,1456876800000,165,165,171,163,163,171,171
10012,Hunting equipment,1456963200000,165,165,165,163,163,171,171
10012,Hunting equipment,1457049600000,165,165,165,163,163,171,171
10012,Hunting equipment,1457136000000,165,165,165,163,163,171,171
10012,Hunting equipment,1457222400000,165,165,165,163,163,171,171
10012,Hunting equipment,1457308800000,165,165,165,163,163,171,171
10012,Hunting equipment,1457395200000,165,165,165,166,165,171,171
10012,Hunting equipment,1457481600000,165,165,165,166,165,171,171
10012,Hunting equipment,1457568000000,165,165,165,166,165,171,171
10012,Hunting equipment,1457654400000,165,165,165,166,165,171,171
10012,Hunting equipment,1457740800000,165,165,165,166,165,171,171
10012,Hunting equipment,1457827200000,165,165,165,166,165,171,171
10012,Hunting equipment,1457913600000,165,165,165,166,165,171,171
10012,Hunting equipment,1458000000000,163,165,165,166,165,171,171
10012,Hunting equipment,1458086400000,163,163,165,166,163,171,171
10012,Hunting equipment,1458172800000,163,163,165,171,163,171,171
10012,Hunting equipment,1458259200000,163,163,165,171,163,171,171
10012,Hunting equipment,1458345600000,163,163,165,171,163,171,171
10012,Hunting equipment,1458432000000,163,163,165,171,163,171,171
10012,Hunting equipment,1458518400000,163,163,165,171,163,171,171
10012,Hunting equipment,1458604800000,163,163,163,171,163,171,171
10012,Hunting equipment,1458691200000,163,163,163,171,163,171,171
10012,Hunting equipment,1458777600000,160,163,163,171,163,171,171
10012,Hunting equipment,1458864000000,160,160,163,171,160,171,171
10012,Hunting equipment,1458950400000,160,160,163,165,160,165,165
10012,Hunting equipment,1459036800000,160,160,163,165,160,165,165
10012,Hunting equipment,1459123200000,160,160,163,165,160,165,165
10012,Hunting equipment,1459209600000,165,160,163,165,160,165,165
10012,Hunting equipment,1459296000000,165,165,163,165,160,165,165
10012,Hunting equipment,1459382400000,165,165,160,165,160,165,165
10012,Hunting equipment,1459468800000,165,165,160,165,160,165,165
10012,Hunting equipment,1459555200000,165,165,160,165,160,165,165
10012,Hunting equipment,1459641600000,168,165,160,165,160,165,165
10012,Hunting equipment,1459728000000,168,168,160,165,160,168,168
10012,Hunting equipment,1459814400000,168,168,165,165,160,168,168
10012,Hunting equipment,1459900800000,168,168,165,165,160,168,168
10012,Hunting equipment,1459987200000,168,168,165,165,160,168,168
10012,Hunting equipment,1460073600000,168,168,165,165,160,168,168
10012,Hunting equipment,1460160000000,168,168,165,165,160,168,168
10012,Hunting equipment,1460246400000,172,168,168,165,160,168,168
10012,Hunting equipment,1460332800000,172,172,168,165,160,172,172
10012,Hunting equipment,1460419200000,172,172,168,165,160,172,172
10012,Hunting equipment,1460505600000,172,172,168,165,160,172,172
10012,Hunting equipment,1460592000000,172,172,168,163,160,172,172
10012,Hunting equipment,1460678400000,172,172,168,163,160,172,172
10012,Hunting equipment,1460764800000,172,172,168,163,160,172,172
10012,Hunting equipment,1460851200000,172,172,172,163,160,172,172
10012,Hunting equipment,1460937600000,169,172,172,163,160,172,172
10012,Hunting equipment,1461024000000,169,169,172,163,160,172,172
10012,Hunting equipment,1461110400000,169,169,172,163,160,172,172
10012,Hunting equipment,1461196800000,169,169,172,163,160,172,172
10012,Hunting equipment,1461283200000,169,169,172,163,160,172,172
10012,Hunting equipment,1461369600000,169,169,172,160,160,172,172
10012,Hunting equipment,1461456000000,169,169,172,160,160,172,172
10012,Hunting equipment,1461542400000,169,169,169,160,160,172,172
10012,Hunting equipment,1461628800000,169,169,169,160,160,172,172
10012,Hunting equipment,1461715200000,164,169,169,160,160,172,172
10012,Hunting equipment,1461801600000,164,164,169,165,164,172,172
10012,Hunting equipment,1461888000000,164,164,169,165,164,172,172
10012,Hunting equipment,1461974400000,164,164,169,165,164,172,172
10012,Hunting equipment,1462060800000,164,164,169,165,164,172,172
10012,Hunting equipment,1462147200000,164,164,169,165,164,172,172
10012,Hunting equipment,1462233600000,164,164,169,168,164,172,172
10012,Hunting equipment,1462320000000,164,164,164,168,164,172,172
10012,Hunting equipment,1462406400000,164,164,164,168,164,172,172
10012,Hunting equipment,1462492800000,163,164,164,168,164,172,172
10012,Hunting equipment,1462579200000,163,163,164,168,163,172,172
10012,Hunting equipment,1462665600000,163,163,164,168,163,172,172
10012,Hunting equipment,1462752000000,163,163,164,168,163,172,172
10012,Hunting equipment,1462838400000,163,163,164,172,163,172,172
10010,Hunting equipment,1449964800000,1,1,2,4,1,4,4
10010,Hunting equipment,1450051200000,1,1,2,4,1,4,4
10010,Hunting equipment,1450137600000,1,1,2,4,1,4,4
10010,Hunting equipment,1450224000000,1,1,2,3,1,3,3
10010,Hunting equipment,1450310400000,1,1,2,3,1,3,3
10010,Hunting equipment,1450396800000,1,1,2,3,1,3,3
10010,Hunting equipment,1450483200000,2,1,1,3,1,3,3
10010,Hunting equipment,1450569600000,2,2,1,3,1,3,3
10010,Hunting equipment,1450656000000,2,2,1,3,1,3,3
10010,Hunting equipment,1450742400000,2,2,1,3,1,3,3
10010,Hunting equipment,1450828800000,2,2,1,3,1,3,3
10010,Hunting equipment,1450915200000,2,2,1,3,1,3,3
10010,Hunting equipment,1451001600000,3,2,1,3,1,3,3
10010,Hunting equipment,1451088000000,3,3,2,3,1,3,3
10010,Hunting equipment,1451174400000,3,3,2,3,1,3,3
10010,Hunting equipment,1451260800000,3,3,2,3,1,3,3
10010,Hunting equipment,1451347200000,3,3,2,3,1,3,3
10010,Hunting equipment,1451433600000,3,3,2,3,1,3,3
10010,Hunting equipment,1451520000000,3,3,2,3,1,3,3
10010,Hunting equipment,1451606400000,3,3,3,3,1,3,3
10010,Hunting equipment,1451692800000,3,3,3,3,1,3,3
10010,Hunting equipment,1451779200000,3,3,3,2,1,3,3
10010,Hunting equipment,1451865600000,3,3,3,2,1,3,3
10010,Hunting equipment,1451952000000,3,3,3,2,1,3,3
10010,Hunting equipment,1452038400000,3,3,3,2,1,3,3
10010,Hunting equipment,1452124800000,3,3,3,2,1,3,3
10010,Hunting equipment,1452211200000,2,3,3,2,1,3,3
10010,Hunting equipment,1452297600000,2,2,3,2,1,3,3
10010,Hunting equipment,1452384000000,2,2,3,2,1,3,3
10010,Hunting equipment,1452470400000,2,2,3,1,1,3,3
10010,Hunting equipment,1452556800000,2,2,3,1,1,3,3
10010,Hunting equipment,1452643200000,2,2,3,1,1,3,3
10010,Hunting equipment,1452729600000,2,2,3,1,1,3,3
10010,Hunting equipment,1452816000000,1,2,2,1,1,3,3
10010,Hunting equipment,1452902400000,1,1,2,1,1,3,3
10010,Hunting equipment,1452988800000,1,1,2,1,1,3,3
10010,Hunting equipment,1453075200000,1,1,2,2,1,3,3
10010,Hunting equipment,1453161600000,1,1,2,2,1,3,3
10010,Hunting equipment,1453248000000,1,1,2,2,1,3,3
10010,Hunting equipment,1453334400000,1,1,2,2,1,3,3
10010,Hunting equipment,1453420800000,1,1,1,2,1,3,3
10010,Hunting equipment,1453507200000,1,1,1,2,1,3,3
10010,Hunting equipment,1453593600000,1,1,1,3,1,3,3
10010,Hunting equipment,1453680000000,1,1,1,3,1,3,3
10010,Hunting equipment,1453766400000,1,1,1,3,1,3,3
10010,Hunting equipment,1453852800000,1,1,1,3,1,3,3
10010,Hunting equipment,1453939200000,1,1,1,3,1,3,3
10010,Hunting equipment,1454025600000,1,1,1,3,1,3,3
10010,Hunting equipment,1454112000000,1,1,1,3,1,3,3
10010,Hunting equipment,1454198400000,1,1,1,3,1,3,3
10010,Hunting equipment,1454284800000,1,1,1,3,1,3,3
10010,Hunting equipment,1454371200000,1,1,1,3,1,3,3
10010,Hunting equipment,1454457600000,1,1,1,3,1,3,3
10010,Hunting equipment,1454544000000,1,1,1,3,1,3,3
10010,Hunting equipment,1454630400000,1,1,1,3,1,3,3
10010,Hunting equipment,1454716800000,1,1,1,3,1,3,3
10010,Hunting equipment,1454803200000,1,1,1,2,1,2,2
10010,Hunting equipment,1454889600000,1,1,1,2,1,2,2
10010,Hunting equipment,1454976000000,1,1,1,2,1,2,2
10010,Hunting equipment,1455062400000,1,1,1,2,1,2,2
10010,Hunting equipment,1455148800000,1,1,1,2,1,2,2
10010,Hunting equipment,1455235200000,1,1,1,2,1,2,2
10010,Hunting equipment,1455321600000,1,1,1,2,1,2,2
10010,Hunting equipment,1455408000000,1,1,1,1,1,1,1
10010,Hunting equipment,1455494400000,1,1,1,1,1,1,1
10010,Hunting equipment,1455580800000,1,1,1,1,1,1,1
10010,Hunting equipment,1455667200000,1,1,1,1,1,1,1
10010,Hunting equipment,1455753600000,1,1,1,1,1,1,1
10010,Hunting equipment,1455840000000,1,1,1,1,1,1,1
10010,Hunting equipment,1455926400000,1,1,1,1,1,1,1
10010,Hunting equipment,1456012800000,1,1,1,1,1,1,1
10010,Hunting equipment,1456099200000,1,1,1,1,1,1,1
10010,Hunting equipment,1456185600000,1,1,1,1,1,1,1
10010,Hunting equipment,1456272000000,1,1,1,1,1,1,1
10010,Hunting equipment,1456358400000,1,1,1,1,1,1,1
10010,Hunting equipment,1456444800000,1,1,1,1,1,1,1
10010,Hunting equipment,1456531200000,1,1,1,1,1,1,1
10010,Hunting equipment,1456617600000,1,1,1,1,1,1,1
10010,Hunting equipment,1456704000000,1,1,1,1,1,1,1
10010,Hunting equipment,1456790400000,1,1,1,1,1,1,1
10010,Hunting equipment,1456876800000,1,1,1,1,1,1,1
10010,Hunting equipment,1456963200000,1,1,1,1,1,1,1
10010,Hunting equipment,1457049600000,1,1,1,1,1,1,1
10010,Hunting equipment,1457136000000,1,1,1,1,1,1,1
10010,Hunting equipment,1457222400000,1,1,1,1,1,1,1
10010,Hunting equipment,1457308800000,1,1,1,1,1,1,1
10010,Hunting equipment,1457395200000,1,1,1,1,1,1,1
10010,Hunting equipment,1457481600000,1,1,1,1,1,1,1
10010,Hunting equipment,1457568000000,1,1,1,1,1,1,1
10010,Hunting equipment,1457654400000,1,1,1,1,1,1,1
10010,Hunting equipment,1457740800000,1,1,1,1,1,1,1
10010,Hunting equipment,1457827200000,1,1,1,1,1,1,1
10010,Hunting equipment,1457913600000,2,1,1,1,1,1,1
10010,Hunting equipment,1458000000000,2,2,1,1,1,2,2
10010,Hunting equipment,1458086400000,2,2,1,1,1,2,2
10010,Hunting equipment,1458172800000,2,2,1,1,1,2,2
10010,Hunting equipment,1458259200000,2,2,1,1,1,2,2
10010,Hunting equipment,1458345600000,2,2,1,1,1,2,2
10010,Hunting equipment,1458432000000,2,2,1,1,1,2,2
10010,Hunting equipment,1458518400000,3,2,2,1,1,2,2
10010,Hunting equipment,1458604800000,3,3,2,1,1,3,3
10010,Hunting equipment,1458691200000,3,3,2,1,1,3,3
10010,Hunting equipment,1458777600000,3,3,2,1,1,3,3
10010,Hunting equipment,1458864000000,3,3,2,1,1,3,3
10010,Hunting equipment,1458950400000,3,3,2,1,1,3,3
10010,Hunting equipment,1459036800000,3,3,2,1,1,3,3
10010,Hunting equipment,1459123200000,3,3,3,1,1,3,3
10010,Hunting equipment,1459209600000,3,3,3,1,1,3,3
10010,Hunting equipment,1459296000000,3,3,3,1,1,3,3
10010,Hunting equipment,1459382400000,3,3,3,1,1,3,3
10010,Hunting equipment,1459468800000,4,3,3,1,1,3,3
10010,Hunting equipment,1459555200000,4,4,3,1,1,4,4
10010,Hunting equipment,1459641600000,4,4,3,1,1,4,4
10010,Hunting equipment,1459728000000,4,4,3,1,1,4,4
10010,Hunting equipment,1459814400000,4,4,3,1,1,4,4
10010,Hunting equipment,1459900800000,4,4,3,1,1,4,4
10010,Hunting equipment,1459987200000,5,4,3,1,1,4,4
10010,Hunting equipment,1460073600000,5,5,4,1,1,5,5
10010,Hunting equipment,1460160000000,5,5,4,1,1,5,5
10010,Hunting equipment,1460246400000,5,5,4,1,1,5,5
10010,Hunting equipment,1460332800000,5,5,4,1,1,5,5
10010,Hunting equipment,1460419200000,5,5,4,1,1,5,5
10010,Hunting equipment,1460505600000,5,5,4,2,2,5,5
10010,Hunting equipment,1460592000000,5,5,5,2,2,5,5
10010,Hunting equipment,1460678400000,5,5,5,2,2,5,5
10010,Hunting equipment,1460764800000,5,5,5,2,2,5,5
10010,Hunting equipment,1460851200000,5,5,5,2,2,5,5
10010,Hunting equipment,1460937600000,5,5,5,2,2,5,5
10010,Hunting equipment,1461024000000,5,5,5,2,2,5,5
10010,Hunting equipment,1461110400000,5,5,5,3,3,5,5
10010,Hunting equipment,1461196800000,5,5,5,3,3,5,5
10010,Hunting equipment,1461283200000,5,5,5,3,3,5,5
10010,Hunting equipment,1461369600000,5,5,5,3,3,5,5
10010,Hunting equipment,1461456000000,5,5,5,3,3,5,5
10010,Hunting equipment,1461542400000,5,5,5,3,3,5,5
10010,Hunting equipment,1461628800000,5,5,5,3,3,5,5
10010,Hunting equipment,1461715200000,5,5,5,3,3,5,5
10010,Hunting equipment,1461801600000,5,5,5,3,3,5,5
10010,Hunting equipment,1461888000000,5,5,5,3,3,5,5
10010,Hunting equipment,1461974400000,5,5,5,3,3,5,5
10010,Hunting equipment,1462060800000,5,5,5,4,4,5,5
10010,Hunting equipment,1462147200000,5,5,5,4,4,5,5
10010,Hunting equipment,1462233600000,5,5,5,4,4,5,5
10010,Hunting equipment,1462320000000,5,5,5,4,4,5,5
10010,Hunting equipment,1462406400000,5,5,5,4,4,5,5
10010,Hunting equipment,1462492800000,5,5,5,4,4,5,5
10010,Hunting equipment,1462579200000,5,5,5,5,5,5,5
10010,Hunting equipment,1462665600000,5,5,5,5,5,5,5
10010,Hunting equipment,1462752000000,5,5,5,5,5,5,5
10010,Hunting equipment,1462838400000,5,5,5,5,5,5,5
10063,Hunting equipment,1449964800000,981,981,981,956,956,981,981
10063,Hunting equipment,1450051200000,981,981,981,981,981,981,981
10063,Hunting equipment,1450137600000,981,981,981,981,981,981,981
10063,Hunting equipment,1450224000000,981,981,981,981,981,981,981
10063,Hunting equipment,1450310400000,981,981,981,981,981,981,981
10063,Hunting equipment,1450396800000,981,981,981,981,981,981,981
10063,Hunting equipment,1450483200000,981,981,981,981,981,981,981
10063,Hunting equipment,1450569600000,981,981,981,981,981,981,981
10063,Hunting equipment,1450656000000,981,981,981,981,981,981,981
10063,Hunting equipment,1450742400000,981,981,981,981,981,981,981
10063,Hunting equipment,1450828800000,981,981,981,981,981,981,981
10063,Hunting equipment,1450915200000,981,981,981,981,981,981,981
10063,Hunting equipment,1451001600000,981,981,981,981,981,981,981
10063,Hunting equipment,1451088000000,981,981,981,981,981,981,981
10063,Hunting equipment,1451174400000,978,981,981,981,981,981,981
10063,Hunting equipment,1451260800000,978,978,981,981,978,981,981
10063,Hunting equipment,1451347200000,978,978,981,981,978,981,981
10063,Hunting equipment,1451433600000,978,978,981,981,978,981,981
10063,Hunting equipment,1451520000000,978,978,981,981,978,981,981
10063,Hunting equipment,1451606400000,978,978,981,981,978,981,981
10063,Hunting equipment,1451692800000,978,978,981,981,978,981,981
10063,Hunting equipment,1451779200000,978,978,978,981,978,981,981
10063,Hunting equipment,1451865600000,978,978,978,981,978,981,981
10063,Hunting equipment,1451952000000,978,978,978,981,978,981,981
10063,Hunting equipment,1452038400000,978,978,978,981,978,981,981
10063,Hunting equipment,1452124800000,978,978,978,981,978,981,981
10063,Hunting equipment,1452211200000,978,978,978,981,978,981,981
10063,Hunting equipment,1452297600000,978,978,978,981,978,981,981
10063,Hunting equipment,1452384000000,978,978,978,981,978,981,981
10063,Hunting equipment,1452470400000,978,978,978,981,978,981,981
10063,Hunting equipment,1452556800000,978,978,978,981,978,981,981
10063,Hunting equipment,1452643200000,978,978,978,981,978,981,981
10063,Hunting equipment,1452729600000,978,978,978,981,978,981,981
10063,Hunting equipment,1452816000000,978,978,978,981,978,981,981
10063,Hunting equipment,1452902400000,978,978,978,981,978,981,981
10063,Hunting equipment,1452988800000,978,978,978,981,978,981,981
10063,Hunting equipment,1453075200000,978,978,978,981,978,981,981
10063,Hunting equipment,1453161600000,978,978,978,981,978,981,981
10063,Hunting equipment,1453248000000,978,978,978,981,978,981,981
10063,Hunting equipment,1453334400000,978,978,978,981,978,981,981
10063,Hunting equipment,1453420800000,978,978,978,981,978,981,981
10063,Hunting equipment,1453507200000,978,978,978,981,978,981,981
10063,Hunting equipment,1453593600000,978,978,978,981,978,981,981
10063,Hunting equipment,1453680000000,978,978,978,981,978,981,981
10063,Hunting equipment,1453766400000,978,978,978,978,978,978,978
10063,Hunting equipment,1453852800000,978,978,978,978,978,978,978
10063,Hunting equipment,1453939200000,978,978,978,978,978,978,978
10063,Hunting equipment,1454025600000,978,978,978,978,978,978,978
10063,Hunting equipment,1454112000000,978,978,978,978,978,978,978
10063,Hunting equipment,1454198400000,978,978,978,978,978,978,978
10063,Hunting equipment,1454284800000,978,978,978,978,978,978,978
10063,Hunting equipment,1454371200000,992,978,978,978,978,978,978
10063,Hunting equipment,1454457600000,992,992,978,978,978,992,992
10063,Hunting equipment,1454544000000,992,992,978,978,978,992,992
10063,Hunting equipment,1454630400000,992,992,978,978,978,992,992
10063,Hunting equipment,1454716800000,992,992,978,978,978,992,992
10063,Hunting equipment,1454803200000,992,992,978,978,978,992,992
10063,Hunting equipment,1454889600000,992,992,978,978,978,992,992
10063,Hunting equipment,1454976000000,992,992,992,978,978,992,992
10063,Hunting equipment,1455062400000,992,992,992,978,978,992,992
10063,Hunting equipment,1455148800000,992,992,992,978,978,992,992
10063,Hunting equipment,1455235200000,992,992,992,978,978,992,992
10063,Hunting equipment,1455321600000,992,992,992,978,978,992,992
10063,Hunting equipment,1455408000000,992,992,992,978,978,992,992
10063,Hunting equipment,1455494400000,992,992,992,978,978,992,992
10063,Hunting equipment,1455580800000,992,992,992,978,978,992,992
10063,Hunting equipment,1455667200000,992,992,992,978,978,992,992
10063,Hunting equipment,1455753600000,992,992,992,978,978,992,992
10063,Hunting equipment,1455840000000,992,992,992,978,978,992,992
10063,Hunting equipment,1455926400000,992,992,992,978,978,992,992
10063,Hunting equipment,1456012800000,992,992,992,978,978,992,992
10063,Hunting equipment,1456099200000,992,992,992,978,978,992,992
10063,Hunting equipment,1456185600000,992,992,992,978,978,992,992
10063,Hunting equipment,1456272000000,992,992,992,978,978,992,992
10063,Hunting equipment,1456358400000,992,992,992,978,978,992,992
10063,Hunting equipment,1456444800000,992,992,992,978,978,992,992
10063,Hunting equipment,1456531200000,992,992,992,978,978,992,992
10063,Hunting equipment,1456617600000,992,992,992,978,978,992,992
10063,Hunting equipment,1456704000000,1023,992,992,978,978,992,992
10063,Hunting equipment,1456790400000,1023,1023,992,978,978,1023,1023
10063,Hunting equipment,1456876800000,1023,1023,992,978,978,1023,1023
10063,Hunting equipment,1456963200000,1023,1023,992,992,992,1023,1023
10063,Hunting equipment,1457049600000,1023,1023,992,992,992,1023,1023
10063,Hunting equipment,1457136000000,1023,1023,992,992,992,1023,1023
10063,Hunting equipment,1457222400000,1023,1023,992,992,992,1023,1023
10063,Hunting equipment,1457308800000,1023,1023,1023,992,992,1023,1023
10063,Hunting equipment,1457395200000,1023,1023,1023,992,992,1023,1023
10063,Hunting equipment,1457481600000,1023,1023,1023,992,992,1023,1023
10063,Hunting equipment,1457568000000,1023,1023,1023,992,992,1023,1023
10063,Hunting equipment,1457654400000,1023,1023,1023,992,992,1023,1023
10063,Hunting equipment,1457740800000,1023,1023,1023,992,992,1023,1023
10063,Hunting equipment,1457827200000,1023,1023,1023,992,992,1023,1023
10063,Hunting equipment,1457913600000,1023,1023,1023,992,992,1023,1023
10063,Hunting equipment,1458000000000,1023,1023,1023,992,992,1023,1023
10063,Hunting equipment,1458086400000,1023,1023,1023,992,992,1023,1023
10063,Hunting equipment,1458172800000,1023,1023,1023,992,992,1023,1023
10063,Hunting equipment,1458259200000,1023,1023,1023,992,992,1023,1023
10063,Hunting equipment,1458345600000,1023,1023,1023,992,992,1023,1023
10063,Hunting equipment,1458432000000,1023,1023,1023,992,992,1023,1023
10063,Hunting equipment,1458518400000,1023,1023,1023,992,992,1023,1023
10063,Hunting equipment,1458604800000,1023,1023,1023,992,992,1023,1023
10063,Hunting equipment,1458691200000,1023,1023,1023,992,992,1023,1023
10063,Hunting equipment,1458777600000,1023,1023,1023,992,992,1023,1023
10063,Hunting equipment,1458864000000,1023,1023,1023,992,992,1023,1023
10063,Hunting equipment,1458950400000,1023,1023,1023,992,992,1023,1023
10063,Hunting equipment,1459036800000,1023,1023,1023,992,992,1023,1023
10063,Hunting equipment,1459123200000,1023,1023,1023,992,992,1023,1023
10063,Hunting equipment,1459209600000,1023,1023,1023,992,992,1023,1023
10063,Hunting equipment,1459296000000,1023,1023,1023,1023,1023,1023,1023
10063,Hunting equipment,1459382400000,1023,1023,1023,1023,1023,1023,1023
10063,Hunting equipment,1459468800000,1023,1023,1023,1023,1023,1023,1023
10063,Hunting equipment,1459555200000,1023,1023,1023,1023,1023,1023,1023
10063,Hunting equipment,1459641600000,1023,1023,1023,1023,1023,1023,1023
10063,Hunting equipment,1459728000000,1023,1023,1023,1023,1023,1023,1023
10063,Hunting equipment,1459814400000,1023,1023,1023,1023,1023,1023,1023
10063,Hunting equipment,1459900800000,1023,1023,1023,1023,1023,1023,1023
10063,Hunting equipment,1459987200000,1023,1023,1023,1023,1023,1023,1023
10063,Hunting equipment,1460073600000,1023,1023,1023,1023,1023,1023,1023
10063,Hunting equipment,1460160000000,1023,1023,1023,1023,1023,1023,1023
10063,Hunting equipment,1460246400000,1023,1023,1023,1023,1023,1023,1023
10063,Hunting equipment,1460332800000,1023,1023,1023,1023,1023,1023,1023
10063,Hunting equipment,1460419200000,1023,1023,1023,1023,1023,1023,1023
10063,Hunting equipment,1460505600000,1047,1023,1023,1023,1023,1023,1023
10063,Hunting equipment,1460592000000,1047,1047,1023,1023,1023,1047,1047
10063,Hunting equipment,1460678400000,1047,1047,1023,1023,1023,1047,1047
10063,Hunting equipment,1460764800000,1047,1047,1023,1023,1023,1047,1047
10063,Hunting equipment,1460851200000,1047,1047,1023,1023,1023,1047,1047
10063,Hunting equipment,1460937600000,1047,1047,1023,1023,1023,1047,1047
10063,Hunting equipment,1461024000000,1047,1047,1023,1023,1023,1047,1047
10063,Hunting equipment,1461110400000,1047,1047,1047,1023,1023,1047,1047
10063,Hunting equipment,1461196800000,1047,1047,1047,1023,1023,1047,1047
10063,Hunting equipment,1461283200000,1047,1047,1047,1023,1023,1047,1047
10063,Hunting equipment,1461369600000,1047,1047,1047,1023,1023,1047,1047
10063,Hunting equipment,1461456000000,1047,1047,1047,1023,1023,1047,1047
10063,Hunting equipment,1461542400000,1047,1047,1047,1023,1023,1047,1047
10063,Hunting equipment,1461628800000,1047,1047,1047,1023,1023,1047,1047
10063,Hunting equipment,1461715200000,1047,1047,1047,1023,1023,1047,1047
10063,Hunting equipment,1461801600000,1047,1047,1047,1023,1023,1047,1047
10063,Hunting equipment,1461888000000,1047,1047,1047,1023,1023,1047,1047
10063,Hunting equipment,1461974400000,1047,1047,1047,1023,1023,1047,1047
10063,Hunting equipment,1462060800000,1047,1047,1047,1023,1023,1047,1047
10063,Hunting equipment,1462147200000,1047,1047,1047,1023,1023,1047,1047
10063,Hunting equipment,1462233600000,1047,1047,1047,1023,1023,1047,1047
10063,Hunting equipment,1462320000000,1047,1047,1047,1023,1023,1047,1047
10063,Hunting equipment,1462406400000,1047,1047,1047,1023,1023,1047,1047
10063,Hunting equipment,1462492800000,1047,1047,1047,1023,1023,1047,1047
10063,Hunting equipment,1462579200000,1047,1047,1047,1023,1023,1047,1047
10063,Hunting equipment,1462665600000,1047,1047,1047,1023,1023,1047,1047
10063,Hunting equipment,1462752000000,1047,1047,1047,1023,1023,1047,1047
10063,Hunting equipment,1462838400000,1047,1047,1047,1023,1023,1047,1047
10061,Hunting equipment,1449964800000,835,835,835,820,820,835,835
10061,Hunting equipment,1450051200000,835,835,835,820,820,835,835
10061,Hunting equipment,1450137600000,835,835,835,820,820,835,835
10061,Hunting equipment,1450224000000,835,835,835,820,820,835,835
10061,Hunting equipment,1450310400000,835,835,835,820,820,835,835
10061,Hunting equipment,1450396800000,835,835,835,820,820,835,835
10061,Hunting equipment,1450483200000,835,835,835,820,820,835,835
10061,Hunting equipment,1450569600000,835,835,835,820,820,835,835
10061,Hunting equipment,1450656000000,835,835,835,820,820,835,835
10061,Hunting equipment,1450742400000,835,835,835,820,820,835,835
10061,Hunting equipment,1450828800000,835,835,835,820,820,835,835
10061,Hunting equipment,1450915200000,835,835,835,820,820,835,835
10061,Hunting equipment,1451001600000,835,835,835,820,820,835,835
10061,Hunting equipment,1451088000000,835,835,835,820,820,835,835
10061,Hunting equipment,1451174400000,835,835,835,820,820,835,835
10061,Hunting equipment,1451260800000,835,835,835,820,820,835,835
10061,Hunting equipment,1451347200000,835,835,835,820,820,835,835
10061,Hunting equipment,1451433600000,835,835,835,820,820,835,835
10061,Hunting equipment,1451520000000,835,835,835,820,820,835,835
10061,Hunting equipment,1451606400000,835,835,835,835,835,835,835
10061,Hunting equipment,1451692800000,835,835,835,835,835,835,835
10061,Hunting equipment,1451779200000,835,835,835,835,835,835,835
10061,Hunting equipment,1451865600000,835,835,835,835,835,835,835
10061,Hunting equipment,1451952000000,835,835,835,835,835,835,835
10061,Hunting equipment,1452038400000,835,835,835,835,835,835,835
10061,Hunting equipment,1452124800000,835,835,835,835,835,835,835
10061,Hunting equipment,1452211200000,835,835,835,835,835,835,835
10061,Hunting equipment,1452297600000,835,835,835,835,835,835,835
10061,Hunting equipment,1452384000000,835,835,835,835,835,835,835
10061,Hunting equipment,1452470400000,835,835,835,835,835,835,835
10061,Hunting equipment,1452556800000,859,835,835,835,835,835,835
10061,Hunting equipment,1452643200000,859,859,835,835,835,859,859
10061,Hunting equipment,1452729600000,859,859,835,835,835,859,859
10061,Hunting equipment,1452816000000,859,859,835,835,835,859,859
10061,Hunting equipment,1452902400000,859,859,835,835,835,859,859
10061,Hunting equipment,1452988800000,859,859,835,835,835,859,859
10061,Hunting equipment,1453075200000,859,859,835,835,835,859,859
10061,Hunting equipment,1453161600000,859,859,859,835,835,859,859
10061,Hunting equipment,1453248000000,859,859,859,835,835,859,859
10061,Hunting equipment,1453334400000,859,859,859,835,835,859,859
10061,Hunting equipment,1453420800000,859,859,859,835,835,859,859
10061,Hunting equipment,1453507200000,859,859,859,835,835,859,859
10061,Hunting equipment,1453593600000,859,859,859,835,835,859,859
10061,Hunting equipment,1453680000000,859,859,859,835,835,859,859
10061,Hunting equipment,1453766400000,859,859,859,835,835,859,859
10061,Hunting equipment,1453852800000,859,859,859,835,835,859,859
10061,Hunting equipment,1453939200000,859,859,859,835,835,859,859
10061,Hunting equipment,1454025600000,859,859,859,835,835,859,859
10061,Hunting equipment,1454112000000,859,859,859,835,835,859,859
10061,Hunting equipment,1454198400000,859,859,859,835,835,859,859
10061,Hunting equipment,1454284800000,859,859,859,835,835,859,859
10061,Hunting equipment,1454371200000,859,859,859,835,835,859,859
10061,Hunting equipment,1454457600000,859,859,859,835,835,859,859
10061,Hunting equipment,1454544000000,859,859,859,835,835,859,859
10061,Hunting equipment,1454630400000,859,859,859,835,835,859,859
10061,Hunting equipment,1454716800000,859,859,859,835,835,859,859
10061,Hunting equipment,1454803200000,859,859,859,835,835,859,859
10061,Hunting equipment,1454889600000,859,859,859,835,835,859,859
10061,Hunting equipment,1454976000000,859,859,859,835,835,859,859
10061,Hunting equipment,1455062400000,892,859,859,835,835,859,859
10061,Hunting equipment,1455148800000,892,892,859,859,859,892,892
10061,Hunting equipment,1455235200000,892,892,859,859,859,892,892
10061,Hunting equipment,1455321600000,892,892,859,859,859,892,892
10061,Hunting equipment,1455408000000,892,892,859,859,859,892,892
10061,Hunting equipment,1455494400000,892,892,859,859,859,892,892
10061,Hunting equipment,1455580800000,892,892,859,859,859,892,892
10061,Hunting equipment,1455667200000,892,892,892,859,859,892,892
10061,Hunting equipment,1455753600000,892,892,892,859,859,892,892
10061,Hunting equipment,1455840000000,892,892,892,859,859,892,892
10061,Hunting equipment,1455926400000,892,892,892,859,859,892,892
10061,Hunting equipment,1456012800000,892,892,892,859,859,892,892
10061,Hunting equipment,1456099200000,892,892,892,859,859,892,892
10061,Hunting equipment,1456185600000,892,892,892,859,859,892,892
10061,Hunting equipment,1456272000000,892,892,892,859,859,892,892
10061,Hunting equipment,1456358400000,892,892,892,859,859,892,892
10061,Hunting equipment,1456444800000,892,892,892,859,859,892,892
10061,Hunting equipment,1456531200000,892,892,892,859,859,892,892
10061,Hunting equipment,1456617600000,892,892,892,859,859,892,892
10061,Hunting equipment,1456704000000,892,892,892,859,859,892,892
10061,Hunting equipment,1456790400000,892,892,892,859,859,892,892
10061,Hunting equipment,1456876800000,892,892,892,859,859,892,892
10061,Hunting equipment,1456963200000,892,892,892,859,859,892,892
10061,Hunting equipment,1457049600000,892,892,892,859,859,892,892
10061,Hunting equipment,1457136000000,892,892,892,859,859,892,892
10061,Hunting equipment,1457222400000,892,892,892,859,859,892,892
10061,Hunting equipment,1457308800000,892,892,892,859,859,892,892
10061,Hunting equipment,1457395200000,892,892,892,859,859,892,892
10061,Hunting equipment,1457481600000,892,892,892,859,859,892,892
10061,Hunting equipment,1457568000000,892,892,892,859,859,892,892
10061,Hunting equipment,1457654400000,892,892,892,892,892,892,892
10061,Hunting equipment,1457740800000,892,892,892,892,892,892,892
10061,Hunting equipment,1457827200000,892,892,892,892,892,892,892
10061,Hunting equipment,1457913600000,892,892,892,892,892,892,892
10061,Hunting equipment,1458000000000,892,892,892,892,892,892,892
10061,Hunting equipment,1458086400000,892,892,892,892,892,892,892
10061,Hunting equipment,1458172800000,892,892,892,892,892,892,892
10061,Hunting equipment,1458259200000,892,892,892,892,892,892,892
10061,Hunting equipment,1458345600000,892,892,892,892,892,892,892
10061,Hunting equipment,1458432000000,930,892,892,892,892,892,892
10061,Hunting equipment,1458518400000,930,930,892,892,892,930,930
10061,Hunting equipment,1458604800000,930,930,892,892,892,930,930
10061,Hunting equipment,1458691200000,930,930,892,892,892,930,930
10061,Hunting equipment,1458777600000,930,930,892,892,892,930,930
10061,Hunting equipment,1458864000000,930,930,892,892,892,930,930
10061,Hunting equipment,1458950400000,930,930,892,892,892,930,930
10061,Hunting equipment,1459036800000,930,930,930,892,892,930,930
10061,Hunting equipment,1459123200000,930,930,930,892,892,930,930
10061,Hunting equipment,1459209600000,930,930,930,892,892,930,930
10061,Hunting equipment,1459296000000,930,930,930,892,892,930,930
10061,Hunting equipment,1459382400000,930,930,930,892,892,930,930
10061,Hunting equipment,1459468800000,930,930,930,892,892,930,930
10061,Hunting equipment,1459555200000,930,930,930,892,892,930,930
10061,Hunting equipment,1459641600000,930,930,930,892,892,930,930
10061,Hunting equipment,1459728000000,930,930,930,892,892,930,930
10061,Hunting equipment,1459814400000,930,930,930,892,892,930,930
10061,Hunting equipment,1459900800000,930,930,930,892,892,930,930
10061,Hunting equipment,1459987200000,930,930,930,892,892,930,930
10061,Hunting equipment,1460073600000,930,930,930,892,892,930,930
10061,Hunting equipment,1460160000000,930,930,930,892,892,930,930
10061,Hunting equipment,1460246400000,930,930,930,892,892,930,930
10061,Hunting equipment,1460332800000,930,930,930,892,892,930,930
10061,Hunting equipment,1460419200000,930,930,930,892,892,930,930
10061,Hunting equipment,1460505600000,930,930,930,892,892,930,930
10061,Hunting equipment,1460592000000,930,930,930,892,892,930,930
10061,Hunting equipment,1460678400000,930,930,930,892,892,930,930
10061,Hunting equipment,1460764800000,930,930,930,892,892,930,930
10061,Hunting equipment,1460851200000,930,930,930,892,892,930,930
10061,Hunting equipment,1460937600000,930,930,930,892,892,930,930
10061,Hunting equipment,1461024000000,930,930,930,930,930,930,930
10061,Hunting equipment,1461110400000,930,930,930,930,930,930,930
10061,Hunting equipment,1461196800000,930,930,930,930,930,930,930
10061,Hunting equipment,1461283200000,930,930,930,930,930,930,930
10061,Hunting equipment,1461369600000,930,930,930,930,930,930,930
10061,Hunting equipment,1461456000000,930,930,930,930,930,930,930
10061,Hunting equipment,1461542400000,930,930,930,930,930,930,930
10061,Hunting equipment,1461628800000,930,930,930,930,930,930,930
10061,Hunting equipment,1461715200000,930,930,930,930,930,930,930
10061,Hunting equipment,1461801600000,930,930,930,930,930,930,930
10061,Hunting equipment,1461888000000,930,930,930,930,930,930,930
10061,Hunting equipment,1461974400000,930,930,930,930,930,930,930
10061,Hunting equipment,1462060800000,930,930,930,930,930,930,930
10061,Hunting equipment,1462147200000,930,930,930,930,930,930,930
10061,Hunting equipment,1462233600000,930,930,930,930,930,930,930
10061,Hunting equipment,1462320000000,930,930,930,930,930,930,930
10061,Hunting equipment,1462406400000,930,930,930,930,930,930,930
10061,Hunting equipment,1462492800000,948,930,930,930,930,930,930
10061,Hunting equipment,1462579200000,948,948,930,930,930,948,948
10061,Hunting equipment,1462665600000,948,948,930,930,930,948,948
10061,Hunting equipment,1462752000000,948,948,930,930,930,948,948
10061,Hunting equipment,1462838400000,948,948,930,930,930,948,948
10051,Hunting equipment,1449964800000,4138,4138,4138,4189,4138,4189,4189
10051,Hunting equipment,1450051200000,4138,4138,4138,4189,4138,4189,4189
10051,Hunting equipment,1450137600000,4138,4138,4138,4189,4138,4189,4189
10051,Hunting equipment,1450224000000,4138,4138,4138,4189,4138,4189,4189
10051,Hunting equipment,1450310400000,4138,4138,4138,4189,4138,4189,4189
10051,Hunting equipment,1450396800000,4138,4138,4138,4189,4138,4189,4189
10051,Hunting equipment,1450483200000,4138,4138,4138,4189,4138,4189,4189
10051,Hunting equipment,1450569600000,4138,4138,4138,4189,4138,4189,4189
10051,Hunting equipment,1450656000000,4124,4138,4138,4189,4138,4189,4189
10051,Hunting equipment,1450742400000,4124,4124,4138,4138,4124,4138,4138
10051,Hunting equipment,1450828800000,4124,4124,4138,4138,4124,4138,4138
10051,Hunting equipment,1450915200000,4124,4124,4138,4138,4124,4138,4138
10051,Hunting equipment,1451001600000,4124,4124,4138,4138,4124,4138,4138
10051,Hunting equipment,1451088000000,4124,4124,4138,4138,4124,4138,4138
10051,Hunting equipment,1451174400000,4124,4124,4138,4138,4124,4138,4138
10051,Hunting equipment,1451260800000,4124,4124,4124,4138,4124,4138,4138
10051,Hunting equipment,1451347200000,4124,4124,4124,4138,4124,4138,4138
10051,Hunting equipment,1451433600000,4124,4124,4124,4138,4124,4138,4138
10051,Hunting equipment,1451520000000,4124,4124,4124,4138,4124,4138,4138
10051,Hunting equipment,1451606400000,4124,4124,4124,4138,4124,4138,4138
10051,Hunting equipment,1451692800000,4124,4124,4124,4138,4124,4138,4138
10051,Hunting equipment,1451779200000,4124,4124,4124,4138,4124,4138,4138
10051,Hunting equipment,1451865600000,4124,4124,4124,4138,4124,4138,4138
10051,Hunting equipment,1451952000000,4124,4124,4124,4138,4124,4138,4138
10051,Hunting equipment,1452038400000,4124,4124,4124,4138,4124,4138,4138
10051,Hunting equipment,1452124800000,4124,4124,4124,4138,4124,4138,4138
10051,Hunting equipment,1452211200000,4124,4124,4124,4138,4124,4138,4138
10051,Hunting equipment,1452297600000,4124,4124,4124,4138,4124,4138,4138
10051,Hunting equipment,1452384000000,4124,4124,4124,4138,4124,4138,4138
10051,Hunting equipment,1452470400000,4124,4124,4124,4138,4124,4138,4138
10051,Hunting equipment,1452556800000,4124,4124,4124,4138,4124,4138,4138
10051,Hunting equipment,1452643200000,4124,4124,4124,4138,4124,4138,4138
10051,Hunting equipment,1452729600000,4124,4124,4124,4138,4124,4138,4138
10051,Hunting equipment,1452816000000,4124,4124,4124,4138,4124,4138,4138
10051,Hunting equipment,1452902400000,3997,4124,4124,4138,4124,4138,4138
10051,Hunting equipment,1452988800000,3997,3997,4124,4138,3997,4138,4138
10051,Hunting equipment,1453075200000,3997,3997,4124,4138,3997,4138,4138
10051,Hunting equipment,1453161600000,3997,3997,4124,4138,3997,4138,4138
10051,Hunting equipment,1453248000000,3997,3997,4124,4124,3997,4124,4124
10051,Hunting equipment,1453334400000,3997,3997,4124,4124,3997,4124,4124
10051,Hunting equipment,1453420800000,3997,3997,4124,4124,3997,4124,4124
10051,Hunting equipment,1453507200000,3997,3997,3997,4124,3997,4124,4124
10051,Hunting equipment,1453593600000,3997,3997,3997,4124,3997,4124,4124
10051,Hunting equipment,1453680000000,3997,3997,3997,4124,3997,4124,4124
10051,Hunting equipment,1453766400000,3997,3997,3997,4124,3997,4124,4124
10051,Hunting equipment,1453852800000,3997,3997,3997,4124,3997,4124,4124
10051,Hunting equipment,1453939200000,3997,3997,3997,4124,3997,4124,4124
10051,Hunting equipment,1454025600000,3997,3997,3997,4124,3997,4124,4124
10051,Hunting equipment,1454112000000,3997,3997,3997,4124,3997,4124,4124
10051,Hunting equipment,1454198400000,3997,3997,3997,4124,3997,4124,4124
10051,Hunting equipment,1454284800000,3997,3997,3997,4124,3997,4124,4124
10051,Hunting equipment,1454371200000,3997,3997,3997,4124,3997,4124,4124
10051,Hunting equipment,1454457600000,3997,3997,3997,4124,3997,4124,4124
10051,Hunting equipment,1454544000000,3997,3997,3997,4124,3997,4124,4124
10051,Hunting equipment,1454630400000,3997,3997,3997,4124,3997,4124,4124
10051,Hunting equipment,1454716800000,3997,3997,3997,4124,3997,4124,4124
10051,Hunting equipment,1454803200000,3997,3997,3997,4124,3997,4124,4124
10051,Hunting equipment,1454889600000,3997,3997,3997,4124,3997,4124,4124
10051,Hunting equipment,1454976000000,3915,3997,3997,4124,3997,4124,4124
10051,Hunting equipment,1455062400000,3915,3915,3997,4124,3915,4124,4124
10051,Hunting equipment,1455148800000,3915,3915,3997,4124,3915,4124,4124
10051,Hunting equipment,1455235200000,3915,3915,3997,4124,3915,4124,4124
10051,Hunting equipment,1455321600000,3915,3915,3997,4124,3915,4124,4124
10051,Hunting equipment,1455408000000,3915,3915,3997,4124,3915,4124,4124
10051,Hunting equipment,1455494400000,3915,3915,3997,3997,3915,3997,3997
10051,Hunting equipment,1455580800000,3915,3915,3915,3997,3915,3997,3997
10051,Hunting equipment,1455667200000,3915,3915,3915,3997,3915,3997,3997
10051,Hunting equipment,1455753600000,3915,3915,3915,3997,3915,3997,3997
10051,Hunting equipment,1455840000000,3915,3915,3915,3997,3915,3997,3997
10051,Hunting equipment,1455926400000,3915,3915,3915,3997,3915,3997,3997
10051,Hunting equipment,1456012800000,3915,3915,3915,3997,3915,3997,3997
10051,Hunting equipment,1456099200000,3915,3915,3915,3997,3915,3997,3997
10051,Hunting equipment,1456185600000,3915,3915,3915,3997,3915,3997,3997
10051,Hunting equipment,1456272000000,3915,3915,3915,3997,3915,3997,3997
10051,Hunting equipment,1456358400000,3915,3915,3915,3997,3915,3997,3997
10051,Hunting equipment,1456444800000,3915,3915,3915,3997,3915,3997,3997
10051,Hunting equipment,1456531200000,3915,3915,3915,3997,3915,3997,3997
10051,Hunting equipment,1456617600000,3915,3915,3915,3997,3915,3997,3997
10051,Hunting equipment,1456704000000,3915,3915,3915,3997,3915,3997,3997
10051,Hunting equipment,1456790400000,3915,3915,3915,3997,3915,3997,3997
10051,Hunting equipment,1456876800000,3915,3915,3915,3997,3915,3997,3997
10051,Hunting equipment,1456963200000,3915,3915,3915,3997,3915,3997,3997
10051,Hunting equipment,1457049600000,3915,3915,3915,3997,3915,3997,3997
10051,Hunting equipment,1457136000000,3915,3915,3915,3997,3915,3997,3997
10051,Hunting equipment,1457222400000,3915,3915,3915,3997,3915,3997,3997
10051,Hunting equipment,1457308800000,3989,3915,3915,3997,3915,3997,3997
10051,Hunting equipment,1457395200000,3989,3989,3915,3997,3915,3997,3997
10051,Hunting equipment,1457481600000,3989,3989,3915,3997,3915,3997,3997
10051,Hunting equipment,1457568000000,3989,3989,3915,3915,3915,3989,3989
10051,Hunting equipment,1457654400000,3989,3989,3915,3915,3915,3989,3989
10051,Hunting equipment,1457740800000,3989,3989,3915,3915,3915,3989,3989
10051,Hunting equipment,1457827200000,3989,3989,3915,3915,3915,3989,3989
10051,Hunting equipment,1457913600000,3989,3989,3989,3915,3915,3989,3989
10051,Hunting equipment,1458000000000,3989,3989,3989,3915,3915,3989,3989
10051,Hunting equipment,1458086400000,3989,3989,3989,3915,3915,3989,3989
10051,Hunting equipment,1458172800000,3989,3989,3989,3915,3915,3989,3989
10051,Hunting equipment,1458259200000,3989,3989,3989,3915,3915,3989,3989
10051,Hunting equipment,1458345600000,3989,3989,3989,3915,3915,3989,3989
10051,Hunting equipment,1458432000000,3989,3989,3989,3915,3915,3989,3989
10051,Hunting equipment,1458518400000,3989,3989,3989,3915,3915,3989,3989
10051,Hunting equipment,1458604800000,3989,3989,3989,3915,3915,3989,3989
10051,Hunting equipment,1458691200000,3989,3989,3989,3915,3915,3989,3989
10051,Hunting equipment,1458777600000,3989,3989,3989,3915,3915,3989,3989
10051,Hunting equipment,1458864000000,3989,3989,3989,3915,3915,3989,3989
10051,Hunting equipment,1458950400000,3989,3989,3989,3915,3915,3989,3989
10051,Hunting equipment,1459036800000,3989,3989,3989,3915,3915,3989,3989
10051,Hunting equipment,1459123200000,3989,3989,3989,3915,3915,3989,3989
10051,Hunting equipment,1459209600000,3989,3989,3989,3915,3915,3989,3989
10051,Hunting equipment,1459296000000,3989,3989,3989,3915,3915,3989,3989
10051,Hunting equipment,1459382400000,3989,3989,3989,3915,3915,3989,3989
10051,Hunting equipment,1459468800000,3989,3989,3989,3915,3915,3989,3989
10051,Hunting equipment,1459555200000,3989,3989,3989,3915,3915,3989,3989
10051,Hunting equipment,1459641600000,3989,3989,3989,3915,3915,3989,3989
10051,Hunting equipment,1459728000000,3989,3989,3989,3915,3915,3989,3989
10051,Hunting equipment,1459814400000,3989,3989,3989,3915,3915,3989,3989
10051,Hunting equipment,1459900800000,3989,3989,3989,3989,3989,3989,3989
10051,Hunting equipment,1459987200000,3989,3989,3989,3989,3989,3989,3989
10051,Hunting equipment,1460073600000,3989,3989,3989,3989,3989,3989,3989
10051,Hunting equipment,1460160000000,3989,3989,3989,3989,3989,3989,3989
10051,Hunting equipment,1460246400000,3866,3989,3989,3989,3989,3989,3989
10051,Hunting equipment,1460332800000,3866,3866,3989,3989,3866,3989,3989
10051,Hunting equipment,1460419200000,3866,3866,3989,3989,3866,3989,3989
10051,Hunting equipment,1460505600000,3866,3866,3989,3989,3866,3989,3989
10051,Hunting equipment,1460592000000,3866,3866,3989,3989,3866,3989,3989
10051,Hunting equipment,1460678400000,3866,3866,3989,3989,3866,3989,3989
10051,Hunting equipment,1460764800000,3866,3866,3989,3989,3866,3989,3989
10051,Hunting equipment,1460851200000,3866,3866,3866,3989,3866,3989,3989
10051,Hunting equipment,1460937600000,3866,3866,3866,3989,3866,3989,3989
10051,Hunting equipment,1461024000000,3866,3866,3866,3989,3866,3989,3989
10051,Hunting equipment,1461110400000,3866,3866,3866,3989,3866,3989,3989
10051,Hunting equipment,1461196800000,3866,3866,3866,3989,3866,3989,3989
10051,Hunting equipment,1461283200000,3866,3866,3866,3989,3866,3989,3989
10051,Hunting equipment,1461369600000,3866,3866,3866,3989,3866,3989,3989
10051,Hunting equipment,1461456000000,3866,3866,3866,3989,3866,3989,3989
10051,Hunting equipment,1461542400000,3866,3866,3866,3989,3866,3989,3989
10051,Hunting equipment,1461628800000,3866,3866,3866,3989,3866,3989,3989
10051,Hunting equipment,1461715200000,3866,3866,3866,3989,3866,3989,3989
10051,Hunting equipment,1461801600000,3866,3866,3866,3989,3866,3989,3989
10051,Hunting equipment,1461888000000,3866,3866,3866,3989,3866,3989,3989
10051,Hunting equipment,1461974400000,3866,3866,3866,3989,3866,3989,3989
10051,Hunting equipment,1462060800000,3866,3866,3866,3989,3866,3989,3989
10051,Hunting equipment,1462147200000,3866,3866,3866,3989,3866,3989,3989
10051,Hunting equipment,1462233600000,3866,3866,3866,3989,3866,3989,3989
10051,Hunting equipment,1462320000000,3866,3866,3866,3989,3866,3989,3989
10051,Hunting equipment,1462406400000,3866,3866,3866,3989,3866,3989,3989
10051,Hunting equipment,1462492800000,3866,3866,3866,3989,3866,3989,3989
10051,Hunting equipment,1462579200000,3866,3866,3866,3989,3866,3989,3989
10051,Hunting equipment,1462665600000,3866,3866,3866,3989,3866,3989,3989
10051,Hunting equipment,1462752000000,3866,3866,3866,3989,3866,3989,3989
10051,Hunting equipment,1462838400000,3866,3866,3866,3866,3866,3866,3866
10047,Hunting equipment,1449964800000,304,304,304,299,299,304,304
10047,Hunting equipment,1450051200000,304,304,304,299,299,304,304
10047,Hunting equipment,1450137600000,304,304,304,299,299,304,304
10047,Hunting equipment,1450224000000,304,304,304,299,299,304,304
10047,Hunting equipment,1450310400000,304,304,304,299,299,304,304
10047,Hunting equipment,1450396800000,304,304,304,299,299,304,304
10047,Hunting equipment,1450483200000,304,304,304,299,299,304,304
10047,Hunting equipment,1450569600000,304,304,304,299,299,304,304
10047,Hunting equipment,1450656000000,304,304,304,299,299,304,304
10047,Hunting equipment,1450742400000,304,304,304,299,299,304,304
10047,Hunting equipment,1450828800000,304,304,304,299,299,304,304
10047,Hunting equipment,1450915200000,304,304,304,299,299,304,304
10047,Hunting equipment,1451001600000,311,304,304,299,299,304,304
10047,Hunting equipment,1451088000000,311,311,304,299,299,311,311
10047,Hunting equipment,1451174400000,311,311,304,299,299,311,311
10047,Hunting equipment,1451260800000,311,311,304,299,299,311,311
10047,Hunting equipment,1451347200000,311,311,304,304,304,311,311
10047,Hunting equipment,1451433600000,311,311,304,304,304,311,311
10047,Hunting equipment,1451520000000,311,311,304,304,304,311,311
10047,Hunting equipment,1451606400000,311,311,311,304,304,311,311
10047,Hunting equipment,1451692800000,311,311,311,304,304,311,311
10047,Hunting equipment,1451779200000,311,311,311,304,304,311,311
10047,Hunting equipment,1451865600000,311,311,311,304,304,311,311
10047,Hunting equipment,1451952000000,311,311,311,304,304,311,311
10047,Hunting equipment,1452038400000,311,311,311,304,304,311,311
10047,Hunting equipment,1452124800000,311,311,311,304,304,311,311
10047,Hunting equipment,1452211200000,311,311,311,304,304,311,311
10047,Hunting equipment,1452297600000,311,311,311,304,304,311,311
10047,Hunting equipment,1452384000000,311,311,311,304,304,311,311
10047,Hunting equipment,1452470400000,311,311,311,304,304,311,311
10047,Hunting equipment,1452556800000,311,311,311,304,304,311,311
10047,Hunting equipment,1452643200000,311,311,311,304,304,311,311
10047,Hunting equipment,1452729600000,311,311,311,304,304,311,311
10047,Hunting equipment,1452816000000,311,311,311,304,304,311,311
10047,Hunting equipment,1452902400000,311,311,311,304,304,311,311
10047,Hunting equipment,1452988800000,311,311,311,304,304,311,311
10047,Hunting equipment,1453075200000,311,311,311,304,304,311,311
10047,Hunting equipment,1453161600000,310,311,311,304,304,311,311
10047,Hunting equipment,1453248000000,310,310,311,304,304,311,311
10047,Hunting equipment,1453334400000,310,310,311,304,304,311,311
10047,Hunting equipment,1453420800000,310,310,311,304,304,311,311
10047,Hunting equipment,1453507200000,310,310,311,304,304,311,311
10047,Hunting equipment,1453593600000,310,310,311,311,310,311,311
10047,Hunting equipment,1453680000000,310,310,311,311,310,311,311
10047,Hunting equipment,1453766400000,310,310,310,311,310,311,311
10047,Hunting equipment,1453852800000,310,310,310,311,310,311,311
10047,Hunting equipment,1453939200000,310,310,310,311,310,311,311
10047,Hunting equipment,1454025600000,310,310,310,311,310,311,311
10047,Hunting equipment,1454112000000,310,310,310,311,310,311,311
10047,Hunting equipment,1454198400000,310,310,310,311,310,311,311
10047,Hunting equipment,1454284800000,310,310,310,311,310,311,311
10047,Hunting equipment,1454371200000,310,310,310,311,310,311,311
10047,Hunting equipment,1454457600000,310,310,310,311,310,311,311
10047,Hunting equipment,1454544000000,310,310,310,311,310,311,311
10047,Hunting equipment,1454630400000,310,310,310,311,310,311,311
10047,Hunting equipment,1454716800000,310,310,310,311,310,311,311
10047,Hunting equipment,1454803200000,310,310,310,311,310,311,311
10047,Hunting equipment,1454889600000,310,310,310,311,310,311,311
10047,Hunting equipment,1454976000000,310,310,310,311,310,311,311
10047,Hunting equipment,1455062400000,310,310,310,311,310,311,311
10047,Hunting equipment,1455148800000,310,310,310,311,310,311,311
10047,Hunting equipment,1455235200000,310,310,310,311,310,311,311
10047,Hunting equipment,1455321600000,310,310,310,311,310,311,311
10047,Hunting equipment,1455408000000,314,310,310,311,310,311,311
10047,Hunting equipment,1455494400000,314,314,310,311,310,314,314
10047,Hunting equipment,1455580800000,314,314,310,311,310,314,314
10047,Hunting equipment,1455667200000,314,314,310,311,310,314,314
10047,Hunting equipment,1455753600000,314,314,310,310,310,314,314
10047,Hunting equipment,1455840000000,314,314,310,310,310,314,314
10047,Hunting equipment,1455926400000,314,314,310,310,310,314,314
10047,Hunting equipment,1456012800000,314,314,314,310,310,314,314
10047,Hunting equipment,1456099200000,314,314,314,310,310,314,314
10047,Hunting equipment,1456185600000,314,314,314,310,310,314,314
10047,Hunting equipment,1456272000000,314,314,314,310,310,314,314
10047,Hunting equipment,1456358400000,314,314,314,310,310,314,314
10047,Hunting equipment,1456444800000,314,314,314,310,310,314,314
10047,Hunting equipment,1456531200000,314,314,314,310,310,314,314
10047,Hunting equipment,1456617600000,314,314,314,310,310,314,314
10047,Hunting equipment,1456704000000,314,314,314,310,310,314,314
10047,Hunting equipment,1456790400000,314,314,314,310,310,314,314
10047,Hunting equipment,1456876800000,314,314,314,310,310,314,314
10047,Hunting equipment,1456963200000,314,314,314,310,310,314,314
10047,Hunting equipment,1457049600000,314,314,314,310,310,314,314
10047,Hunting equipment,1457136000000,314,314,314,310,310,314,314
10047,Hunting equipment,1457222400000,314,314,314,310,310,314,314
10047,Hunting equipment,1457308800000,314,314,314,310,310,314,314
10047,Hunting equipment,1457395200000,314,314,314,310,310,314,314
10047,Hunting equipment,1457481600000,314,314,314,310,310,314,314
10047,Hunting equipment,1457568000000,314,314,314,310,310,314,314
10047,Hunting equipment,1457654400000,314,314,314,310,310,314,314
10047,Hunting equipment,1457740800000,322,314,314,310,310,314,314
10047,Hunting equipment,1457827200000,322,322,314,310,310,322,322
10047,Hunting equipment,1457913600000,322,322,314,310,310,322,322
10047,Hunting equipment,1458000000000,322,322,314,314,314,322,322
10047,Hunting equipment,1458086400000,322,322,314,314,314,322,322
10047,Hunting equipment,1458172800000,322,322,314,314,314,322,322
10047,Hunting equipment,1458259200000,322,322,314,314,314,322,322
10047,Hunting equipment,1458345600000,322,322,322,314,314,322,322
10047,Hunting equipment,1458432000000,322,322,322,314,314,322,322
10047,Hunting equipment,1458518400000,322,322,322,314,314,322,322
10047,Hunting equipment,1458604800000,322,322,322,314,314,322,322
10047,Hunting equipment,1458691200000,322,322,322,314,314,322,322
10047,Hunting equipment,1458777600000,322,322,322,314,314,322,322
10047,Hunting equipment,1458864000000,322,322,322,314,314,322,322
10047,Hunting equipment,1458950400000,322,322,322,314,314,322,322
10047,Hunting equipment,1459036800000,322,322,322,314,314,322,322
10047,Hunting equipment,1459123200000,322,322,322,314,314,322,322
10047,Hunting equipment,1459209600000,322,322,322,314,314,322,322
10047,Hunting equipment,1459296000000,322,322,322,314,314,322,322
10047,Hunting equipment,1459382400000,322,322,322,314,314,322,322
10047,Hunting equipment,1459468800000,322,322,322,314,314,322,322
10047,Hunting equipment,1459555200000,322,322,322,314,314,322,322
10047,Hunting equipment,1459641600000,322,322,322,314,314,322,322
10047,Hunting equipment,1459728000000,322,322,322,314,314,322,322
10047,Hunting equipment,1459814400000,322,322,322,314,314,322,322
10047,Hunting equipment,1459900800000,322,322,322,314,314,322,322
10047,Hunting equipment,1459987200000,322,322,322,314,314,322,322
10047,Hunting equipment,1460073600000,322,322,322,314,314,322,322
10047,Hunting equipment,1460160000000,322,322,322,314,314,322,322
10047,Hunting equipment,1460246400000,322,322,322,314,314,322,322
10047,Hunting equipment,1460332800000,322,322,322,322,322,322,322
10047,Hunting equipment,1460419200000,322,322,322,322,322,322,322
10047,Hunting equipment,1460505600000,322,322,322,322,322,322,322
10047,Hunting equipment,1460592000000,322,322,322,322,322,322,322
10047,Hunting equipment,1460678400000,331,322,322,322,322,322,322
10047,Hunting equipment,1460764800000,331,331,322,322,322,331,331
10047,Hunting equipment,1460851200000,331,331,322,322,322,331,331
10047,Hunting equipment,1460937600000,331,331,322,322,322,331,331
10047,Hunting equipment,1461024000000,331,331,322,322,322,331,331
10047,Hunting equipment,1461110400000,331,331,322,322,322,331,331
10047,Hunting equipment,1461196800000,331,331,322,322,322,331,331
10047,Hunting equipment,1461283200000,331,331,331,322,322,331,331
10047,Hunting equipment,1461369600000,331,331,331,322,322,331,331
10047,Hunting equipment,1461456000000,331,331,331,322,322,331,331
10047,Hunting equipment,1461542400000,331,331,331,322,322,331,331
10047,Hunting equipment,1461628800000,331,331,331,322,322,331,331
10047,Hunting equipment,1461715200000,331,331,331,322,322,331,331
10047,Hunting equipment,1461801600000,331,331,331,322,322,331,331
10047,Hunting equipment,1461888000000,331,331,331,322,322,331,331
10047,Hunting equipment,1461974400000,331,331,331,322,322,331,331
10047,Hunting equipment,1462060800000,331,331,331,322,322,331,331
10047,Hunting equipment,1462147200000,331,331,331,322,322,331,331
10047,Hunting equipment,1462233600000,331,331,331,322,322,331,331
10047,Hunting equipment,1462320000000,331,331,331,322,322,331,331
10047,Hunting equipment,1462406400000,331,331,331,322,322,331,331
10047,Hunting equipment,1462492800000,331,331,331,322,322,331,331
10047,Hunting equipment,1462579200000,331,331,331,322,322,331,331
10047,Hunting equipment,1462665600000,331,331,331,322,322,331,331
10047,Hunting equipment,1462752000000,331,331,331,322,322,331,331
10047,Hunting equipment,1462838400000,331,331,331,322,322,331,331
10049,Hunting equipment,1449964800000,163,163,163,160,160,163,163
10049,Hunting equipment,1450051200000,163,163,163,160,160,163,163
10049,Hunting equipment,1450137600000,163,163,163,160,160,163,163
10049,Hunting equipment,1450224000000,163,163,163,160,160,163,163
10049,Hunting equipment,1450310400000,163,163,163,160,160,163,163
10049,Hunting equipment,1450396800000,163,163,163,160,160,163,163
10049,Hunting equipment,1450483200000,166,163,163,160,160,163,163
10049,Hunting equipment,1450569600000,166,166,163,160,160,166,166
10049,Hunting equipment,1450656000000,166,166,163,163,163,166,166
10049,Hunting equipment,1450742400000,166,166,163,163,163,166,166
10049,Hunting equipment,1450828800000,166,166,163,163,163,166,166
10049,Hunting equipment,1450915200000,166,166,163,163,163,166,166
10049,Hunting equipment,1451001600000,166,166,163,163,163,166,166
10049,Hunting equipment,1451088000000,166,166,166,163,163,166,166
10049,Hunting equipment,1451174400000,166,166,166,163,163,166,166
10049,Hunting equipment,1451260800000,166,166,166,163,163,166,166
10049,Hunting equipment,1451347200000,166,166,166,163,163,166,166
10049,Hunting equipment,1451433600000,166,166,166,163,163,166,166
10049,Hunting equipment,1451520000000,166,166,166,163,163,166,166
10049,Hunting equipment,1451606400000,166,166,166,163,163,166,166
10049,Hunting equipment,1451692800000,166,166,166,163,163,166,166
10049,Hunting equipment,1451779200000,166,166,166,163,163,166,166
10049,Hunting equipment,1451865600000,166,166,166,163,163,166,166
10049,Hunting equipment,1451952000000,166,166,166,163,163,166,166
10049,Hunting equipment,1452038400000,166,166,166,163,163,166,166
10049,Hunting equipment,1452124800000,166,166,166,163,163,166,166
10049,Hunting equipment,1452211200000,166,166,166,163,163,166,166
10049,Hunting equipment,1452297600000,166,166,166,163,163,166,166
10049,Hunting equipment,1452384000000,166,166,166,163,163,166,166
10049,Hunting equipment,1452470400000,166,166,166,163,163,166,166
10049,Hunting equipment,1452556800000,166,166,166,163,163,166,166
10049,Hunting equipment,1452643200000,166,166,166,163,163,166,166
10049,Hunting equipment,1452729600000,166,166,166,163,163,166,166
10049,Hunting equipment,1452816000000,166,166,166,163,163,166,166
10049,Hunting equipment,1452902400000,166,166,166,163,163,166,166
10049,Hunting equipment,1452988800000,166,166,166,163,163,166,166
10049,Hunting equipment,1453075200000,166,166,166,166,166,166,166
10049,Hunting equipment,1453161600000,166,166,166,166,166,166,166
10049,Hunting equipment,1453248000000,166,166,166,166,166,166,166
10049,Hunting equipment,1453334400000,166,166,166,166,166,166,166
10049,Hunting equipment,1453420800000,166,166,166,166,166,166,166
10049,Hunting equipment,1453507200000,166,166,166,166,166,166,166
10049,Hunting equipment,1453593600000,166,166,166,166,166,166,166
10049,Hunting equipment,1453680000000,166,166,166,166,166,166,166
10049,Hunting equipment,1453766400000,166,166,166,166,166,166,166
10049,Hunting equipment,1453852800000,166,166,166,166,166,166,166
10049,Hunting equipment,1453939200000,166,166,166,166,166,166,166
10049,Hunting equipment,1454025600000,166,166,166,166,166,166,166
10049,Hunting equipment,1454112000000,166,166,166,166,166,166,166
10049,Hunting equipment,1454198400000,166,166,166,166,166,166,166
10049,Hunting equipment,1454284800000,166,166,166,166,166,166,166
10049,Hunting equipment,1454371200000,166,166,166,166,166,166,166
10049,Hunting equipment,1454457600000,166,166,166,166,166,166,166
10049,Hunting equipment,1454544000000,166,166,166,166,166,166,166
10049,Hunting equipment,1454630400000,170,166,166,166,166,166,166
10049,Hunting equipment,1454716800000,170,170,166,166,166,170,170
10049,Hunting equipment,1454803200000,170,170,166,166,166,170,170
10049,Hunting equipment,1454889600000,170,170,166,166,166,170,170
10049,Hunting equipment,1454976000000,170,170,166,166,166,170,170
10049,Hunting equipment,1455062400000,170,170,166,166,166,170,170
10049,Hunting equipment,1455148800000,170,170,166,166,166,170,170
10049,Hunting equipment,1455235200000,170,170,170,166,166,170,170
10049,Hunting equipment,1455321600000,170,170,170,166,166,170,170
10049,Hunting equipment,1455408000000,170,170,170,166,166,170,170
10049,Hunting equipment,1455494400000,170,170,170,166,166,170,170
10049,Hunting equipment,1455580800000,170,170,170,166,166,170,170
10049,Hunting equipment,1455667200000,170,170,170,166,166,170,170
10049,Hunting equipment,1455753600000,170,170,170,166,166,170,170
10049,Hunting equipment,1455840000000,170,170,170,166,166,170,170
10049,Hunting equipment,1455926400000,170,170,170,166,166,170,170
10049,Hunting equipment,1456012800000,170,170,170,166,166,170,170
10049,Hunting equipment,1456099200000,170,170,170,166,166,170,170
10049,Hunting equipment,1456185600000,170,170,170,166,166,170,170
10049,Hunting equipment,1456272000000,170,170,170,166,166,170,170
10049,Hunting equipment,1456358400000,170,170,170,166,166,170,170
10049,Hunting equipment,1456444800000,170,170,170,166,166,170,170
10049,Hunting equipment,1456531200000,170,170,170,166,166,170,170
10049,Hunting equipment,1456617600000,174,170,170,166,166,170,170
10049,Hunting equipment,1456704000000,174,174,170,166,166,174,174
10049,Hunting equipment,1456790400000,174,174,170,166,166,174,174
10049,Hunting equipment,1456876800000,174,174,170,166,166,174,174
10049,Hunting equipment,1456963200000,174,174,170,166,166,174,174
10049,Hunting equipment,1457049600000,174,174,170,166,166,174,174
10049,Hunting equipment,1457136000000,174,174,170,166,166,174,174
10049,Hunting equipment,1457222400000,174,174,174,170,170,174,174
10049,Hunting equipment,1457308800000,174,174,174,170,170,174,174
10049,Hunting equipment,1457395200000,174,174,174,170,170,174,174
10049,Hunting equipment,1457481600000,174,174,174,170,170,174,174
10049,Hunting equipment,1457568000000,174,174,174,170,170,174,174
10049,Hunting equipment,1457654400000,174,174,174,170,170,174,174
10049,Hunting equipment,1457740800000,174,174,174,170,170,174,174
10049,Hunting equipment,1457827200000,174,174,174,170,170,174,174
10049,Hunting equipment,1457913600000,174,174,174,170,170,174,174
10049,Hunting equipment,1458000000000,174,174,174,170,170,174,174
10049,Hunting equipment,1458086400000,174,174,174,170,170,174,174
10049,Hunting equipment,1458172800000,174,174,174,170,170,174,174
10049,Hunting equipment,1458259200000,174,174,174,170,170,174,174
10049,Hunting equipment,1458345600000,174,174,174,170,170,174,174
10049,Hunting equipment,1458432000000,174,174,174,170,170,174,174
10049,Hunting equipment,1458518400000,174,174,174,170,170,174,174
10049,Hunting equipment,1458604800000,174,174,174,170,170,174,174
10049,Hunting equipment,1458691200000,174,174,174,170,170,174,174
10049,Hunting equipment,1458777600000,174,174,174,170,170,174,174
10049,Hunting equipment,1458864000000,182,174,174,170,170,174,174
10049,Hunting equipment,1458950400000,182,182,174,170,170,182,182
10049,Hunting equipment,1459036800000,182,182,174,170,170,182,182
10049,Hunting equipment,1459123200000,182,182,174,170,170,182,182
10049,Hunting equipment,1459209600000,182,182,174,174,174,182,182
10049,Hunting equipment,1459296000000,182,182,174,174,174,182,182
10049,Hunting equipment,1459382400000,182,182,174,174,174,182,182
10049,Hunting equipment,1459468800000,182,182,182,174,174,182,182
10049,Hunting equipment,1459555200000,182,182,182,174,174,182,182
10049,Hunting equipment,1459641600000,182,182,182,174,174,182,182
10049,Hunting equipment,1459728000000,182,182,182,174,174,182,182
10049,Hunting equipment,1459814400000,182,182,182,174,174,182,182
10049,Hunting equipment,1459900800000,182,182,182,174,174,182,182
10049,Hunting equipment,1459987200000,182,182,182,174,174,182,182
10049,Hunting equipment,1460073600000,182,182,182,174,174,182,182
10049,Hunting equipment,1460160000000,182,182,182,174,174,182,182
10049,Hunting equipment,1460246400000,182,182,182,174,174,182,182
10049,Hunting equipment,1460332800000,182,182,182,174,174,182,182
10049,Hunting equipment,1460419200000,182,182,182,174,174,182,182
10049,Hunting equipment,1460505600000,182,182,182,174,174,182,182
10049,Hunting equipment,1460592000000,182,182,182,174,174,182,182
10049,Hunting equipment,1460678400000,182,182,182,174,174,182,182
10049,Hunting equipment,1460764800000,182,182,182,174,174,182,182
10049,Hunting equipment,1460851200000,182,182,182,174,174,182,182
10049,Hunting equipment,1460937600000,182,182,182,174,174,182,182
10049,Hunting equipment,1461024000000,182,182,182,174,174,182,182
10049,Hunting equipment,1461110400000,182,182,182,174,174,182,182
10049,Hunting equipment,1461196800000,182,182,182,174,174,182,182
10049,Hunting equipment,1461283200000,182,182,182,174,174,182,182
10049,Hunting equipment,1461369600000,190,182,182,174,174,182,182
10049,Hunting equipment,1461456000000,190,190,182,182,182,190,190
10049,Hunting equipment,1461542400000,190,190,182,182,182,190,190
10049,Hunting equipment,1461628800000,190,190,182,182,182,190,190
10049,Hunting equipment,1461715200000,190,190,182,182,182,190,190
10049,Hunting equipment,1461801600000,190,190,182,182,182,190,190
10049,Hunting equipment,1461888000000,190,190,182,182,182,190,190
10049,Hunting equipment,1461974400000,190,190,190,182,182,190,190
10049,Hunting equipment,1462060800000,190,190,190,182,182,190,190
10049,Hunting equipment,1462147200000,190,190,190,182,182,190,190
10049,Hunting equipment,1462233600000,190,190,190,182,182,190,190
10049,Hunting equipment,1462320000000,190,190,190,182,182,190,190
10049,Hunting equipment,1462406400000,190,190,190,182,182,190,190
10049,Hunting equipment,1462492800000,190,190,190,182,182,190,190
10049,Hunting equipment,1462579200000,190,190,190,182,182,190,190
10049,Hunting equipment,1462665600000,190,190,190,182,182,190,190
10049,Hunting equipment,1462752000000,190,190,190,182,182,190,190
10049,Hunting equipment,1462838400000,190,190,190,182,182,190,190
11159,Hunting equipment,1449964800000,3,3,3,3,3,3,3
11159,Hunting equipment,1450051200000,3,3,3,3,3,3,3
11159,Hunting equipment,1450137600000,3,3,3,3,3,3,3
11159,Hunting equipment,1450224000000,3,3,3,3,3,3,3
11159,Hunting equipment,1450310400000,3,3,3,3,3,3,3
11159,Hunting equipment,1450396800000,3,3,3,3,3,3,3
11159,Hunting equipment,1450483200000,3,3,3,3,3,3,3
11159,Hunting equipment,1450569600000,3,3,3,3,3,3,3
11159,Hunting equipment,1450656000000,3,3,3,3,3,3,3
11159,Hunting equipment,1450742400000,3,3,3,3,3,3,3
11159,Hunting equipment,1450828800000,3,3,3,3,3,3,3
11159,Hunting equipment,1450915200000,3,3,3,3,3,3,3
11159,Hunting equipment,1451001600000,3,3,3,3,3,3,3
11159,Hunting equipment,1451088000000,3,3,3,3,3,3,3
11159,Hunting equipment,1451174400000,3,3,3,3,3,3,3
11159,Hunting equipment,1451260800000,3,3,3,3,3,3,3
11159,Hunting equipment,1451347200000,3,3,3,3,3,3,3
11159,Hunting equipment,1451433600000,3,3,3,3,3,3,3
11159,Hunting equipment,1451520000000,3,3,3,3,3,3,3
11159,Hunting equipment,1451606400000,3,3,3,3,3,3,3
11159,Hunting equipment,1451692800000,3,3,3,3,3,3,3
11159,Hunting equipment,1451779200000,3,3,3,3,3,3,3
11159,Hunting equipment,1451865600000,3,3,3,3,3,3,3
11159,Hunting equipment,1451952000000,3,3,3,3,3,3,3
11159,Hunting equipment,1452038400000,3,3,3,3,3,3,3
11159,Hunting equipment,1452124800000,3,3,3,3,3,3,3
11159,Hunting equipment,1452211200000,3,3,3,3,3,3,3
11159,Hunting equipment,1452297600000,3,3,3,3,3,3,3
11159,Hunting equipment,1452384000000,3,3,3,3,3,3,3
11159,Hunting equipment,1452470400000,3,3,3,3,3,3,3
11159,Hunting equipment,1452556800000,3,3,3,3,3,3,3
11159,Hunting equipment,1452643200000,3,3,3,3,3,3,3
11159,Hunting equipment,1452729600000,3,3,3,3,3,3,3
11159,Hunting equipment,1452816000000,3,3,3,3,3,3,3
11159,Hunting equipment,1452902400000,3,3,3,3,3,3,3
11159,Hunting equipment,1452988800000,3,3,3,3,3,3,3
11159,Hunting equipment,1453075200000,3,3,3,3,3,3,3
11159,Hunting equipment,1453161600000,3,3,3,3,3,3,3
11159,Hunting equipment,1453248000000,3,3,3,3,3,3,3
11159,Hunting equipment,1453334400000,3,3,3,3,3,3,3
11159,Hunting equipment,1453420800000,3,3,3,3,3,3,3
11159,Hunting equipment,1453507200000,3,3,3,3,3,3,3
11159,Hunting equipment,1453593600000,3,3,3,3,3,3,3
11159,Hunting equipment,1453680000000,3,3,3,3,3,3,3
11159,Hunting equipment,1453766400000,3,3,3,3,3,3,3
11159,Hunting equipment,1453852800000,3,3,3,3,3,3,3
11159,Hunting equipment,1453939200000,3,3,3,3,3,3,3
11159,Hunting equipment,1454025600000,3,3,3,3,3,3,3
11159,Hunting equipment,1454112000000,3,3,3,3,3,3,3
11159,Hunting equipment,1454198400000,3,3,3,3,3,3,3
11159,Hunting equipment,1454284800000,3,3,3,3,3,3,3
11159,Hunting equipment,1454371200000,3,3,3,3,3,3,3
11159,Hunting equipment,1454457600000,3,3,3,3,3,3,3
11159,Hunting equipment,1454544000000,3,3,3,3,3,3,3
11159,Hunting equipment,1454630400000,3,3,3,3,3,3,3
11159,Hunting equipment,1454716800000,3,3,3,3,3,3,3
11159,Hunting equipment,1454803200000,3,3,3,3,3,3,3
11159,Hunting equipment,1454889600000,3,3,3,3,3,3,3
11159,Hunting equipment,1454976000000,3,3,3,3,3,3,3
11159,Hunting equipment,1455062400000,3,3,3,3,3,3,3
11159,Hunting equipment,1455148800000,3,3,3,3,3,3,3
11159,Hunting equipment,1455235200000,3,3,3,3,3,3,3
11159,Hunting equipment,1455321600000,3,3,3,3,3,3,3
11159,Hunting equipment,1455408000000,3,3,3,3,3,3,3
11159,Hunting equipment,1455494400000,3,3,3,3,3,3,3
11159,Hunting equipment,1455580800000,3,3,3,3,3,3,3
11159,Hunting equipment,1455667200000,3,3,3,3,3,3,3
11159,Hunting equipment,1455753600000,3,3,3,3,3,3,3
11159,Hunting equipment,1455840000000,3,3,3,3,3,3,3
11159,Hunting equipment,1455926400000,3,3,3,3,3,3,3
11159,Hunting equipment,1456012800000,3,3,3,3,3,3,3
11159,Hunting equipment,1456099200000,3,3,3,3,3,3,3
11159,Hunting equipment,1456185600000,3,3,3,3,3,3,3
11159,Hunting equipment,1456272000000,3,3,3,3,3,3,3
11159,Hunting equipment,1456358400000,3,3,3,3,3,3,3
11159,Hunting equipment,1456444800000,3,3,3,3,3,3,3
11159,Hunting equipment,1456531200000,3,3,3,3,3,3,3
11159,Hunting equipment,1456617600000,3,3,3,3,3,3,3
11159,Hunting equipment,1456704000000,3,3,3,3,3,3,3
11159,Hunting equipment,1456790400000,3,3,3,3,3,3,3
11159,Hunting equipment,1456876800000,3,3,3,3,3,3,3
11159,Hunting equipment,1456963200000,3,3,3,3,3,3,3
11159,Hunting equipment,1457049600000,3,3,3,3,3,3,3
11159,Hunting equipment,1457136000000,3,3,3,3,3,3,3
11159,Hunting equipment,1457222400000,3,3,3,3,3,3,3
11159,Hunting equipment,1457308800000,3,3,3,3,3,3,3
11159,Hunting equipment,1457395200000,3,3,3,3,3,3,3
11159,Hunting equipment,1457481600000,3,3,3,3,3,3,3
11159,Hunting equipment,1457568000000,3,3,3,3,3,3,3
11159,Hunting equipment,1457654400000,3,3,3,3,3,3,3
11159,Hunting equipment,1457740800000,3,3,3,3,3,3,3
11159,Hunting equipment,1457827200000,3,3,3,3,3,3,3
11159,Hunting equipment,1457913600000,3,3,3,3,3,3,3
11159,Hunting equipment,1458000000000,3,3,3,3,3,3,3
11159,Hunting equipment,1458086400000,3,3,3,3,3,3,3
11159,Hunting equipment,1458172800000,3,3,3,3,3,3,3
11159,Hunting equipment,1458259200000,3,3,3,3,3,3,3
11159,Hunting equipment,1458345600000,3,3,3,3,3,3,3
11159,Hunting equipment,1458432000000,3,3,3,3,3,3,3
11159,Hunting equipment,1458518400000,3,3,3,3,3,3,3
11159,Hunting equipment,1458604800000,3,3,3,3,3,3,3
11159,Hunting equipment,1458691200000,3,3,3,3,3,3,3
11159,Hunting equipment,1458777600000,3,3,3,3,3,3,3
11159,Hunting equipment,1458864000000,3,3,3,3,3,3,3
11159,Hunting equipment,1458950400000,3,3,3,3,3,3,3
11159,Hunting equipment,1459036800000,3,3,3,3,3,3,3
11159,Hunting equipment,1459123200000,3,3,3,3,3,3,3
11159,Hunting equipment,1459209600000,3,3,3,3,3,3,3
11159,Hunting equipment,1459296000000,3,3,3,3,3,3,3
11159,Hunting equipment,1459382400000,3,3,3,3,3,3,3
11159,Hunting equipment,1459468800000,3,3,3,3,3,3,3
11159,Hunting equipment,1459555200000,3,3,3,3,3,3,3
11159,Hunting equipment,1459641600000,3,3,3,3,3,3,3
11159,Hunting equipment,1459728000000,3,3,3,3,3,3,3
11159,Hunting equipment,1459814400000,3,3,3,3,3,3,3
11159,Hunting equipment,1459900800000,3,3,3,3,3,3,3
11159,Hunting equipment,1459987200000,3,3,3,3,3,3,3
11159,Hunting equipment,1460073600000,3,3,3,3,3,3,3
11159,Hunting equipment,1460160000000,3,3,3,3,3,3,3
11159,Hunting equipment,1460246400000,3,3,3,3,3,3,3
11159,Hunting equipment,1460332800000,3,3,3,3,3,3,3
11159,Hunting equipment,1460419200000,3,3,3,3,3,3,3
11159,Hunting equipment,1460505600000,3,3,3,3,3,3,3
11159,Hunting equipment,1460592000000,3,3,3,3,3,3,3
11159,Hunting equipment,1460678400000,3,3,3,3,3,3,3
11159,Hunting equipment,1460764800000,3,3,3,3,3,3,3
11159,Hunting equipment,1460851200000,3,3,3,3,3,3,3
11159,Hunting equipment,1460937600000,3,3,3,3,3,3,3
11159,Hunting equipment,1461024000000,3,3,3,3,3,3,3
11159,Hunting equipment,1461110400000,3,3,3,3,3,3,3
11159,Hunting equipment,1461196800000,3,3,3,3,3,3,3
11159,Hunting equipment,1461283200000,3,3,3,3,3,3,3
11159,Hunting equipment,1461369600000,3,3,3,3,3,3,3
11159,Hunting equipment,1461456000000,3,3,3,3,3,3,3
11159,Hunting equipment,1461542400000,3,3,3,3,3,3,3
11159,Hunting equipment,1461628800000,3,3,3,3,3,3,3
11159,Hunting equipment,1461715200000,3,3,3,3,3,3,3
11159,Hunting equipment,1461801600000,3,3,3,3,3,3,3
11159,Hunting equipment,1461888000000,3,3,3,3,3,3,3
11159,Hunting equipment,1461974400000,3,3,3,3,3,3,3
11159,Hunting equipment,1462060800000,3,3,3,3,3,3,3
11159,Hunting equipment,1462147200000,3,3,3,3,3,3,3
11159,Hunting equipment,1462233600000,3,3,3,3,3,3,3
11159,Hunting equipment,1462320000000,3,3,3,3,3,3,3
11159,Hunting equipment,1462406400000,3,3,3,3,3,3,3
11159,Hunting equipment,1462492800000,3,3,3,3,3,3,3
11159,Hunting equipment,1462579200000,3,3,3,3,3,3,3
11159,Hunting equipment,1462665600000,3,3,3,3,3,3,3
11159,Hunting equipment,1462752000000,3,3,3,3,3,3,3
11159,Hunting equipment,1462838400000,3,3,3,3,3,3,3
11262,Hunting equipment,1449964800000,684,684,684,684,684,684,684
11262,Hunting equipment,1450051200000,684,684,684,684,684,684,684
11262,Hunting equipment,1450137600000,684,684,684,684,684,684,684
11262,Hunting equipment,1450224000000,684,684,684,684,684,684,684
11262,Hunting equipment,1450310400000,684,684,684,684,684,684,684
11262,Hunting equipment,1450396800000,684,684,684,684,684,684,684
11262,Hunting equipment,1450483200000,684,684,684,684,684,684,684
11262,Hunting equipment,1450569600000,684,684,684,684,684,684,684
11262,Hunting equipment,1450656000000,684,684,684,684,684,684,684
11262,Hunting equipment,1450742400000,684,684,684,684,684,684,684
11262,Hunting equipment,1450828800000,684,684,684,684,684,684,684
11262,Hunting equipment,1450915200000,684,684,684,684,684,684,684
11262,Hunting equipment,1451001600000,684,684,684,684,684,684,684
11262,Hunting equipment,1451088000000,684,684,684,684,684,684,684
11262,Hunting equipment,1451174400000,684,684,684,684,684,684,684
11262,Hunting equipment,1451260800000,684,684,684,684,684,684,684
11262,Hunting equipment,1451347200000,684,684,684,684,684,684,684
11262,Hunting equipment,1451433600000,684,684,684,684,684,684,684
11262,Hunting equipment,1451520000000,684,684,684,684,684,684,684
11262,Hunting equipment,1451606400000,684,684,684,684,684,684,684
11262,Hunting equipment,1451692800000,684,684,684,684,684,684,684
11262,Hunting equipment,1451779200000,684,684,684,684,684,684,684
11262,Hunting equipment,1451865600000,684,684,684,684,684,684,684
11262,Hunting equipment,1451952000000,684,684,684,684,684,684,684
11262,Hunting equipment,1452038400000,684,684,684,684,684,684,684
11262,Hunting equipment,1452124800000,684,684,684,684,684,684,684
11262,Hunting equipment,1452211200000,684,684,684,684,684,684,684
11262,Hunting equipment,1452297600000,684,684,684,684,684,684,684
11262,Hunting equipment,1452384000000,684,684,684,684,684,684,684
11262,Hunting equipment,1452470400000,684,684,684,684,684,684,684
11262,Hunting equipment,1452556800000,684,684,684,684,684,684,684
11262,Hunting equipment,1452643200000,684,684,684,684,684,684,684
11262,Hunting equipment,1452729600000,684,684,684,684,684,684,684
11262,Hunting equipment,1452816000000,684,684,684,684,684,684,684
11262,Hunting equipment,1452902400000,684,684,684,684,684,684,684
11262,Hunting equipment,1452988800000,684,684,684,684,684,684,684
11262,Hunting equipment,1453075200000,684,684,684,684,684,684,684
11262,Hunting equipment,1453161600000,684,684,684,684,684,684,684
11262,Hunting equipment,1453248000000,684,684,684,684,684,684,684
11262,Hunting equipment,1453334400000,684,684,684,684,684,684,684
11262,Hunting equipment,1453420800000,684,684,684,684,684,684,684
11262,Hunting equipment,1453507200000,684,684,684,684,684,684,684
11262,Hunting equipment,1453593600000,684,684,684,684,684,684,684
11262,Hunting equipment,1453680000000,684,684,684,684,684,684,684
11262,Hunting equipment,1453766400000,684,684,684,684,684,684,684
11262,Hunting equipment,1453852800000,684,684,684,684,684,684,684
11262,Hunting equipment,1453939200000,684,684,684,684,684,684,684
11262,Hunting equipment,1454025600000,684,684,684,684,684,684,684
11262,Hunting equipment,1454112000000,684,684,684,684,684,684,684
11262,Hunting equipment,1454198400000,684,684,684,684,684,684,684
11262,Hunting equipment,1454284800000,684,684,684,684,684,684,684
11262,Hunting equipment,1454371200000,684,684,684,684,684,684,684
11262,Hunting equipment,1454457600000,684,684,684,684,684,684,684
11262,Hunting equipment,1454544000000,684,684,684,684,684,684,684
11262,Hunting equipment,1454630400000,684,684,684,684,684,684,684
11262,Hunting equipment,1454716800000,684,684,684,684,684,684,684
11262,Hunting equipment,1454803200000,684,684,684,684,684,684,684
11262,Hunting equipment,1454889600000,684,684,684,684,684,684,684
11262,Hunting equipment,1454976000000,684,684,684,684,684,684,684
11262,Hunting equipment,1455062400000,684,684,684,684,684,684,684
11262,Hunting equipment,1455148800000,684,684,684,684,684,684,684
11262,Hunting equipment,1455235200000,684,684,684,684,684,684,684
11262,Hunting equipment,1455321600000,684,684,684,684,684,684,684
11262,Hunting equipment,1455408000000,684,684,684,684,684,684,684
11262,Hunting equipment,1455494400000,684,684,684,684,684,684,684
11262,Hunting equipment,1455580800000,684,684,684,684,684,684,684
11262,Hunting equipment,1455667200000,684,684,684,684,684,684,684
11262,Hunting equipment,1455753600000,684,684,684,684,684,684,684
11262,Hunting equipment,1455840000000,684,684,684,684,684,684,684
11262,Hunting equipment,1455926400000,684,684,684,684,684,684,684
11262,Hunting equipment,1456012800000,684,684,684,684,684,684,684
11262,Hunting equipment,1456099200000,684,684,684,684,684,684,684
11262,Hunting equipment,1456185600000,684,684,684,684,684,684,684
11262,Hunting equipment,1456272000000,684,684,684,684,684,684,684
11262,Hunting equipment,1456358400000,684,684,684,684,684,684,684
11262,Hunting equipment,1456444800000,684,684,684,684,684,684,684
11262,Hunting equipment,1456531200000,684,684,684,684,684,684,684
11262,Hunting equipment,1456617600000,684,684,684,684,684,684,684
11262,Hunting equipment,1456704000000,684,684,684,684,684,684,684
11262,Hunting equipment,1456790400000,684,684,684,684,684,684,684
11262,Hunting equipment,1456876800000,684,684,684,684,684,684,684
11262,Hunting equipment,1456963200000,684,684,684,684,684,684,684
11262,Hunting equipment,1457049600000,684,684,684,684,684,684,684
11262,Hunting equipment,1457136000000,684,684,684,684,684,684,684
11262,Hunting equipment,1457222400000,684,684,684,684,684,684,684
11262,Hunting equipment,1457308800000,684,684,684,684,684,684,684
11262,Hunting equipment,1457395200000,680,684,684,684,684,684,684
11262,Hunting equipment,1457481600000,680,680,684,684,680,684,684
11262,Hunting equipment,1457568000000,680,680,684,684,680,684,684
11262,Hunting equipment,1457654400000,680,680,684,684,680,684,684
11262,Hunting equipment,1457740800000,680,680,684,684,680,684,684
11262,Hunting equipment,1457827200000,680,680,684,684,680,684,684
11262,Hunting equipment,1457913600000,680,680,684,684,680,684,684
11262,Hunting equipment,1458000000000,680,680,680,684,680,684,684
11262,Hunting equipment,1458086400000,680,680,680,684,680,684,684
11262,Hunting equipment,1458172800000,680,680,680,684,680,684,684
11262,Hunting equipment,1458259200000,680,680,680,684,680,684,684
11262,Hunting equipment,1458345600000,680,680,680,684,680,684,684
11262,Hunting equipment,1458432000000,680,680,680,684,680,684,684
11262,Hunting equipment,1458518400000,680,680,680,684,680,684,684
11262,Hunting equipment,1458604800000,680,680,680,684,680,684,684
11262,Hunting equipment,1458691200000,680,680,680,684,680,684,684
11262,Hunting equipment,1458777600000,680,680,680,684,680,684,684
11262,Hunting equipment,1458864000000,680,680,680,684,680,684,684
11262,Hunting equipment,1458950400000,680,680,680,684,680,684,684
11262,Hunting equipment,1459036800000,680,680,680,684,680,684,684
11262,Hunting equipment,1459123200000,680,680,680,684,680,684,684
11262,Hunting equipment,1459209600000,680,680,680,684,680,684,684
11262,Hunting equipment,1459296000000,680,680,680,684,680,684,684
11262,Hunting equipment,1459382400000,680,680,680,684,680,684,684
11262,Hunting equipment,1459468800000,680,680,680,684,680,684,684
11262,Hunting equipment,1459555200000,680,680,680,684,680,684,684
11262,Hunting equipment,1459641600000,680,680,680,684,680,684,684
11262,Hunting equipment,1459728000000,680,680,680,684,680,684,684
11262,Hunting equipment,1459814400000,680,680,680,684,680,684,684
11262,Hunting equipment,1459900800000,680,680,680,684,680,684,684
11262,Hunting equipment,1459987200000,680,680,680,680,680,680,680
11262,Hunting equipment,1460073600000,680,680,680,680,680,680,680
11262,Hunting equipment,1460160000000,680,680,680,680,680,680,680
11262,Hunting equipment,1460246400000,680,680,680,680,680,680,680
11262,Hunting equipment,1460332800000,680,680,680,680,680,680,680
11262,Hunting equipment,1460419200000,680,680,680,680,680,680,680
11262,Hunting equipment,1460505600000,680,680,680,680,680,680,680
11262,Hunting equipment,1460592000000,680,680,680,680,680,680,680
11262,Hunting equipment,1460678400000,680,680,680,680,680,680,680
11262,Hunting equipment,1460764800000,680,680,680,680,680,680,680
11262,Hunting equipment,1460851200000,680,680,680,680,680,680,680
11262,Hunting equipment,1460937600000,680,680,680,680,680,680,680
11262,Hunting equipment,1461024000000,680,680,680,680,680,680,680
11262,Hunting equipment,1461110400000,680,680,680,680,680,680,680
11262,Hunting equipment,1461196800000,680,680,680,680,680,680,680
11262,Hunting equipment,1461283200000,680,680,680,680,680,680,680
11262,Hunting equipment,1461369600000,680,680,680,680,680,680,680
11262,Hunting equipment,1461456000000,680,680,680,680,680,680,680
11262,Hunting equipment,1461542400000,680,680,680,680,680,680,680
11262,Hunting equipment,1461628800000,680,680,680,680,680,680,680
11262,Hunting equipment,1461715200000,680,680,680,680,680,680,680
11262,Hunting equipment,1461801600000,680,680,680,680,680,680,680
11262,Hunting equipment,1461888000000,680,680,680,680,680,680,680
11262,Hunting equipment,1461974400000,680,680,680,680,680,680,680
11262,Hunting equipment,1462060800000,680,680,680,680,680,680,680
11262,Hunting equipment,1462147200000,680,680,680,680,680,680,680
11262,Hunting equipment,1462233600000,680,680,680,680,680,680,680
11262,Hunting equipment,1462320000000,680,680,680,680,680,680,680
11262,Hunting equipment,1462406400000,680,680,680,680,680,680,680
11262,Hunting equipment,1462492800000,680,680,680,680,680,680,680
11262,Hunting equipment,1462579200000,680,680,680,680,680,680,680
11262,Hunting equipment,1462665600000,680,680,680,680,680,680,680
11262,Hunting equipment,1462752000000,680,680,680,680,680,680,680
11262,Hunting equipment,1462838400000,680,680,680,680,680,680,680
11260,Hunting equipment,1449964800000,332,332,314,265,260,332,332
11260,Hunting equipment,1450051200000,331,332,326,265,260,332,332
11260,Hunting equipment,1450137600000,331,331,326,265,260,332,332
11260,Hunting equipment,1450224000000,331,331,326,260,260,332,332
11260,Hunting equipment,1450310400000,342,331,326,260,260,332,332
11260,Hunting equipment,1450396800000,342,342,332,260,260,342,342
11260,Hunting equipment,1450483200000,342,342,332,260,260,342,342
11260,Hunting equipment,1450569600000,342,342,332,270,270,342,342
11260,Hunting equipment,1450656000000,354,342,331,270,270,342,342
11260,Hunting equipment,1450742400000,354,354,331,270,270,354,354
11260,Hunting equipment,1450828800000,354,354,331,284,284,354,354
11260,Hunting equipment,1450915200000,351,354,342,284,284,354,354
11260,Hunting equipment,1451001600000,351,351,342,284,284,354,354
11260,Hunting equipment,1451088000000,351,351,342,284,284,354,354
11260,Hunting equipment,1451174400000,351,351,342,292,292,354,354
11260,Hunting equipment,1451260800000,348,351,354,292,292,354,354
11260,Hunting equipment,1451347200000,348,348,354,292,292,354,354
11260,Hunting equipment,1451433600000,348,348,354,292,292,354,354
11260,Hunting equipment,1451520000000,362,348,351,301,301,354,354
11260,Hunting equipment,1451606400000,362,362,351,301,301,362,362
11260,Hunting equipment,1451692800000,362,362,351,301,301,362,362
11260,Hunting equipment,1451779200000,368,362,351,314,314,362,362
11260,Hunting equipment,1451865600000,368,368,348,314,314,368,368
11260,Hunting equipment,1451952000000,368,368,348,314,314,368,368
11260,Hunting equipment,1452038400000,368,368,348,326,326,368,368
11260,Hunting equipment,1452124800000,366,368,362,326,326,368,368
11260,Hunting equipment,1452211200000,366,366,362,326,326,368,368
11260,Hunting equipment,1452297600000,366,366,362,326,326,368,368
11260,Hunting equipment,1452384000000,364,366,368,332,331,368,368
11260,Hunting equipment,1452470400000,364,364,368,332,331,368,368
11260,Hunting equipment,1452556800000,364,364,368,332,331,368,368
11260,Hunting equipment,1452643200000,358,364,368,331,331,368,368
11260,Hunting equipment,1452729600000,358,358,366,331,331,368,368
11260,Hunting equipment,1452816000000,358,358,366,331,331,368,368
11260,Hunting equipment,1452902400000,358,358,366,342,342,368,368
11260,Hunting equipment,1452988800000,344,358,364,342,342,368,368
11260,Hunting equipment,1453075200000,344,344,364,342,342,368,368
11260,Hunting equipment,1453161600000,344,344,364,342,342,368,368
11260,Hunting equipment,1453248000000,327,344,358,354,344,368,368
11260,Hunting equipment,1453334400000,327,327,358,354,327,368,368
11260,Hunting equipment,1453420800000,318,327,358,354,327,368,368
11260,Hunting equipment,1453507200000,318,318,358,351,318,368,368
11260,Hunting equipment,1453593600000,318,318,344,351,318,368,368
11260,Hunting equipment,1453680000000,318,318,344,351,318,368,368
11260,Hunting equipment,1453766400000,318,318,344,351,318,368,368
11260,Hunting equipment,1453852800000,318,318,327,348,318,368,368
11260,Hunting equipment,1453939200000,319,318,327,348,318,368,368
11260,Hunting equipment,1454025600000,319,319,318,348,318,368,368
11260,Hunting equipment,1454112000000,319,319,318,362,318,368,368
11260,Hunting equipment,1454198400000,319,319,318,362,318,368,368
11260,Hunting equipment,1454284800000,311,319,318,362,318,368,368
11260,Hunting equipment,1454371200000,311,311,318,368,311,368,368
11260,Hunting equipment,1454457600000,311,311,318,368,311,368,368
11260,Hunting equipment,1454544000000,311,311,319,368,311,368,368
11260,Hunting equipment,1454630400000,298,311,319,368,311,368,368
11260,Hunting equipment,1454716800000,298,298,319,366,298,366,366
11260,Hunting equipment,1454803200000,298,298,319,366,298,366,366
11260,Hunting equipment,1454889600000,298,298,311,366,298,366,366
11260,Hunting equipment,1454976000000,293,298,311,364,298,364,364
11260,Hunting equipment,1455062400000,293,293,311,364,293,364,364
11260,Hunting equipment,1455148800000,293,293,311,364,293,364,364
11260,Hunting equipment,1455235200000,293,293,298,358,293,358,358
11260,Hunting equipment,1455321600000,289,293,298,358,293,358,358
11260,Hunting equipment,1455408000000,289,289,298,358,289,358,358
11260,Hunting equipment,1455494400000,289,289,298,358,289,358,358
11260,Hunting equipment,1455580800000,284,289,293,344,289,344,344
11260,Hunting equipment,1455667200000,284,284,293,344,284,344,344
11260,Hunting equipment,1455753600000,284,284,293,344,284,344,344
11260,Hunting equipment,1455840000000,284,284,293,327,284,327,327
11260,Hunting equipment,1455926400000,275,284,289,327,284,327,327
11260,Hunting equipment,1456012800000,275,275,289,318,275,319,319
11260,Hunting equipment,1456099200000,275,275,289,318,275,319,319
11260,Hunting equipment,1456185600000,275,275,284,318,275,319,319
11260,Hunting equipment,1456272000000,275,275,284,318,275,319,319
11260,Hunting equipment,1456358400000,275,275,284,318,275,319,319
11260,Hunting equipment,1456444800000,275,275,284,318,275,319,319
11260,Hunting equipment,1456531200000,275,275,275,319,275,319,319
11260,Hunting equipment,1456617600000,271,275,275,319,275,319,319
11260,Hunting equipment,1456704000000,271,271,275,319,271,319,319
11260,Hunting equipment,1456790400000,271,271,275,319,271,319,319
11260,Hunting equipment,1456876800000,271,271,275,311,271,311,311
11260,Hunting equipment,1456963200000,284,271,275,311,271,311,311
11260,Hunting equipment,1457049600000,284,284,275,311,271,311,311
11260,Hunting equipment,1457136000000,284,284,275,311,271,311,311
11260,Hunting equipment,1457222400000,284,284,271,298,271,298,298
11260,Hunting equipment,1457308800000,299,284,271,298,271,298,298
11260,Hunting equipment,1457395200000,299,299,271,298,271,299,299
11260,Hunting equipment,1457481600000,299,299,271,298,271,299,299
11260,Hunting equipment,1457568000000,299,299,284,293,271,299,299
11260,Hunting equipment,1457654400000,314,299,284,293,271,299,299
11260,Hunting equipment,1457740800000,314,314,284,293,271,314,314
11260,Hunting equipment,1457827200000,314,314,284,293,271,314,314
11260,Hunting equipment,1457913600000,330,314,299,289,271,314,314
11260,Hunting equipment,1458000000000,330,330,299,289,271,330,330
11260,Hunting equipment,1458086400000,330,330,299,289,271,330,330
11260,Hunting equipment,1458172800000,337,330,299,284,271,330,330
11260,Hunting equipment,1458259200000,337,337,314,284,271,337,337
11260,Hunting equipment,1458345600000,337,337,314,284,271,337,337
11260,Hunting equipment,1458432000000,337,337,314,284,271,337,337
11260,Hunting equipment,1458518400000,347,337,330,275,271,337,337
11260,Hunting equipment,1458604800000,347,347,330,275,271,347,347
11260,Hunting equipment,1458691200000,347,347,330,275,271,347,347
11260,Hunting equipment,1458777600000,347,347,337,275,271,347,347
11260,Hunting equipment,1458864000000,343,347,337,275,271,347,347
11260,Hunting equipment,1458950400000,343,343,337,275,271,347,347
11260,Hunting equipment,1459036800000,343,343,337,275,271,347,347
11260,Hunting equipment,1459123200000,326,343,347,275,271,347,347
11260,Hunting equipment,1459209600000,326,326,347,271,271,347,347
11260,Hunting equipment,1459296000000,326,326,347,271,271,347,347
11260,Hunting equipment,1459382400000,320,326,347,271,271,347,347
11260,Hunting equipment,1459468800000,320,320,343,271,271,347,347
11260,Hunting equipment,1459555200000,320,320,343,284,284,347,347
11260,Hunting equipment,1459641600000,320,320,343,284,284,347,347
11260,Hunting equipment,1459728000000,309,320,326,284,284,347,347
11260,Hunting equipment,1459814400000,309,309,326,284,284,347,347
11260,Hunting equipment,1459900800000,309,309,326,299,299,347,347
11260,Hunting equipment,1459987200000,302,309,320,299,299,347,347
11260,Hunting equipment,1460073600000,302,302,320,299,299,347,347
11260,Hunting equipment,1460160000000,302,302,320,299,299,347,347
11260,Hunting equipment,1460246400000,302,302,320,314,302,347,347
11260,Hunting equipment,1460332800000,308,302,309,314,302,347,347
11260,Hunting equipment,1460419200000,308,308,309,314,302,347,347
11260,Hunting equipment,1460505600000,308,308,309,330,302,347,347
11260,Hunting equipment,1460592000000,308,308,302,330,302,347,347
11260,Hunting equipment,1460678400000,301,308,302,330,302,347,347
11260,Hunting equipment,1460764800000,301,301,302,337,301,347,347
11260,Hunting equipment,1460851200000,301,301,302,337,301,347,347
11260,Hunting equipment,1460937600000,299,301,308,337,301,347,347
11260,Hunting equipment,1461024000000,299,299,308,337,299,347,347
11260,Hunting equipment,1461110400000,299,299,308,347,299,347,347
11260,Hunting equipment,1461196800000,299,299,308,347,299,347,347
11260,Hunting equipment,1461283200000,304,299,301,347,299,347,347
11260,Hunting equipment,1461369600000,304,304,301,347,299,347,347
11260,Hunting equipment,1461456000000,304,304,301,343,299,343,343
11260,Hunting equipment,1461542400000,296,304,299,343,299,343,343
11260,Hunting equipment,1461628800000,296,296,299,343,296,343,343
11260,Hunting equipment,1461715200000,296,296,299,326,296,326,326
11260,Hunting equipment,1461801600000,285,296,299,326,296,326,326
11260,Hunting equipment,1461888000000,285,285,304,326,285,326,326
11260,Hunting equipment,1461974400000,285,285,304,320,285,320,320
11260,Hunting equipment,1462060800000,272,285,304,320,285,320,320
11260,Hunting equipment,1462147200000,272,272,296,320,272,320,320
11260,Hunting equipment,1462233600000,272,272,296,320,272,320,320
11260,Hunting equipment,1462320000000,272,272,296,309,272,309,309
11260,Hunting equipment,1462406400000,263,272,285,309,272,309,309
11260,Hunting equipment,1462492800000,263,263,285,309,263,309,309
11260,Hunting equipment,1462579200000,263,263,285,302,263,308,308
11260,Hunting equipment,1462665600000,263,263,272,302,263,308,308
11260,Hunting equipment,1462752000000,270,263,272,302,263,308,308
11260,Hunting equipment,1462838400000,270,270,272,302,263,308,308
10059,Hunting equipment,1449964800000,620,620,620,607,607,620,620
10059,Hunting equipment,1450051200000,620,620,620,607,607,620,620
10059,Hunting equipment,1450137600000,620,620,620,607,607,620,620
10059,Hunting equipment,1450224000000,620,620,620,607,607,620,620
10059,Hunting equipment,1450310400000,620,620,620,607,607,620,620
10059,Hunting equipment,1450396800000,620,620,620,607,607,620,620
10059,Hunting equipment,1450483200000,620,620,620,607,607,620,620
10059,Hunting equipment,1450569600000,620,620,620,607,607,620,620
10059,Hunting equipment,1450656000000,620,620,620,607,607,620,620
10059,Hunting equipment,1450742400000,620,620,620,607,607,620,620
10059,Hunting equipment,1450828800000,620,620,620,620,620,620,620
10059,Hunting equipment,1450915200000,632,620,620,620,620,620,620
10059,Hunting equipment,1451001600000,632,632,620,620,620,632,632
10059,Hunting equipment,1451088000000,632,632,620,620,620,632,632
10059,Hunting equipment,1451174400000,632,632,620,620,620,632,632
10059,Hunting equipment,1451260800000,632,632,620,620,620,632,632
10059,Hunting equipment,1451347200000,632,632,620,620,620,632,632
10059,Hunting equipment,1451433600000,632,632,620,620,620,632,632
10059,Hunting equipment,1451520000000,632,632,632,620,620,632,632
10059,Hunting equipment,1451606400000,632,632,632,620,620,632,632
10059,Hunting equipment,1451692800000,632,632,632,620,620,632,632
10059,Hunting equipment,1451779200000,632,632,632,620,620,632,632
10059,Hunting equipment,1451865600000,632,632,632,620,620,632,632
10059,Hunting equipment,1451952000000,632,632,632,620,620,632,632
10059,Hunting equipment,1452038400000,632,632,632,620,620,632,632
10059,Hunting equipment,1452124800000,632,632,632,620,620,632,632
10059,Hunting equipment,1452211200000,632,632,632,620,620,632,632
10059,Hunting equipment,1452297600000,632,632,632,620,620,632,632
10059,Hunting equipment,1452384000000,632,632,632,620,620,632,632
10059,Hunting equipment,1452470400000,632,632,632,620,620,632,632
10059,Hunting equipment,1452556800000,632,632,632,620,620,632,632
10059,Hunting equipment,1452643200000,632,632,632,620,620,632,632
10059,Hunting equipment,1452729600000,632,632,632,620,620,632,632
10059,Hunting equipment,1452816000000,632,632,632,620,620,632,632
10059,Hunting equipment,1452902400000,632,632,632,620,620,632,632
10059,Hunting equipment,1452988800000,632,632,632,620,620,632,632
10059,Hunting equipment,1453075200000,632,632,632,620,620,632,632
10059,Hunting equipment,1453161600000,644,632,632,620,620,632,632
10059,Hunting equipment,1453248000000,644,644,632,620,620,644,644
10059,Hunting equipment,1453334400000,644,644,632,620,620,644,644
10059,Hunting equipment,1453420800000,644,644,632,620,620,644,644
10059,Hunting equipment,1453507200000,644,644,632,632,632,644,644
10059,Hunting equipment,1453593600000,644,644,632,632,632,644,644
10059,Hunting equipment,1453680000000,644,644,632,632,632,644,644
10059,Hunting equipment,1453766400000,644,644,644,632,632,644,644
10059,Hunting equipment,1453852800000,644,644,644,632,632,644,644
10059,Hunting equipment,1453939200000,644,644,644,632,632,644,644
10059,Hunting equipment,1454025600000,644,644,644,632,632,644,644
10059,Hunting equipment,1454112000000,644,644,644,632,632,644,644
10059,Hunting equipment,1454198400000,644,644,644,632,632,644,644
10059,Hunting equipment,1454284800000,644,644,644,632,632,644,644
10059,Hunting equipment,1454371200000,644,644,644,632,632,644,644
10059,Hunting equipment,1454457600000,644,644,644,632,632,644,644
10059,Hunting equipment,1454544000000,644,644,644,632,632,644,644
10059,Hunting equipment,1454630400000,644,644,644,632,632,644,644
10059,Hunting equipment,1454716800000,644,644,644,632,632,644,644
10059,Hunting equipment,1454803200000,644,644,644,632,632,644,644
10059,Hunting equipment,1454889600000,644,644,644,632,632,644,644
10059,Hunting equipment,1454976000000,644,644,644,632,632,644,644
10059,Hunting equipment,1455062400000,644,644,644,632,632,644,644
10059,Hunting equipment,1455148800000,644,644,644,632,632,644,644
10059,Hunting equipment,1455235200000,644,644,644,632,632,644,644
10059,Hunting equipment,1455321600000,644,644,644,632,632,644,644
10059,Hunting equipment,1455408000000,644,644,644,632,632,644,644
10059,Hunting equipment,1455494400000,644,644,644,632,632,644,644
10059,Hunting equipment,1455580800000,644,644,644,632,632,644,644
10059,Hunting equipment,1455667200000,644,644,644,632,632,644,644
10059,Hunting equipment,1455753600000,654,644,644,644,644,644,644
10059,Hunting equipment,1455840000000,654,654,644,644,644,654,654
10059,Hunting equipment,1455926400000,654,654,644,644,644,654,654
10059,Hunting equipment,1456012800000,654,654,644,644,644,654,654
10059,Hunting equipment,1456099200000,654,654,644,644,644,654,654
10059,Hunting equipment,1456185600000,654,654,644,644,644,654,654
10059,Hunting equipment,1456272000000,654,654,644,644,644,654,654
10059,Hunting equipment,1456358400000,654,654,654,644,644,654,654
10059,Hunting equipment,1456444800000,654,654,654,644,644,654,654
10059,Hunting equipment,1456531200000,654,654,654,644,644,654,654
10059,Hunting equipment,1456617600000,654,654,654,644,644,654,654
10059,Hunting equipment,1456704000000,654,654,654,644,644,654,654
10059,Hunting equipment,1456790400000,654,654,654,644,644,654,654
10059,Hunting equipment,1456876800000,654,654,654,644,644,654,654
10059,Hunting equipment,1456963200000,654,654,654,644,644,654,654
10059,Hunting equipment,1457049600000,654,654,654,644,644,654,654
10059,Hunting equipment,1457136000000,654,654,654,644,644,654,654
10059,Hunting equipment,1457222400000,654,654,654,644,644,654,654
10059,Hunting equipment,1457308800000,654,654,654,644,644,654,654
10059,Hunting equipment,1457395200000,654,654,654,644,644,654,654
10059,Hunting equipment,1457481600000,654,654,654,644,644,654,654
10059,Hunting equipment,1457568000000,654,654,654,644,644,654,654
10059,Hunting equipment,1457654400000,654,654,654,644,644,654,654
10059,Hunting equipment,1457740800000,654,654,654,644,644,654,654
10059,Hunting equipment,1457827200000,654,654,654,644,644,654,654
10059,Hunting equipment,1457913600000,653,654,654,644,644,654,654
10059,Hunting equipment,1458000000000,653,653,654,644,644,654,654
10059,Hunting equipment,1458086400000,653,653,654,644,644,654,654
10059,Hunting equipment,1458172800000,653,653,654,644,644,654,654
10059,Hunting equipment,1458259200000,653,653,654,644,644,654,654
10059,Hunting equipment,1458345600000,653,653,654,654,653,654,654
10059,Hunting equipment,1458432000000,653,653,654,654,653,654,654
10059,Hunting equipment,1458518400000,653,653,653,654,653,654,654
10059,Hunting equipment,1458604800000,653,653,653,654,653,654,654
10059,Hunting equipment,1458691200000,653,653,653,654,653,654,654
10059,Hunting equipment,1458777600000,653,653,653,654,653,654,654
10059,Hunting equipment,1458864000000,653,653,653,654,653,654,654
10059,Hunting equipment,1458950400000,653,653,653,654,653,654,654
10059,Hunting equipment,1459036800000,653,653,653,654,653,654,654
10059,Hunting equipment,1459123200000,653,653,653,654,653,654,654
10059,Hunting equipment,1459209600000,653,653,653,654,653,654,654
10059,Hunting equipment,1459296000000,653,653,653,654,653,654,654
10059,Hunting equipment,1459382400000,653,653,653,654,653,654,654
10059,Hunting equipment,1459468800000,653,653,653,654,653,654,654
10059,Hunting equipment,1459555200000,653,653,653,654,653,654,654
10059,Hunting equipment,1459641600000,653,653,653,654,653,654,654
10059,Hunting equipment,1459728000000,653,653,653,654,653,654,654
10059,Hunting equipment,1459814400000,653,653,653,654,653,654,654
10059,Hunting equipment,1459900800000,653,653,653,654,653,654,654
10059,Hunting equipment,1459987200000,653,653,653,654,653,654,654
10059,Hunting equipment,1460073600000,653,653,653,654,653,654,654
10059,Hunting equipment,1460160000000,653,653,653,654,653,654,654
10059,Hunting equipment,1460246400000,653,653,653,654,653,654,654
10059,Hunting equipment,1460332800000,653,653,653,654,653,654,654
10059,Hunting equipment,1460419200000,653,653,653,654,653,654,654
10059,Hunting equipment,1460505600000,653,653,653,653,653,653,653
10059,Hunting equipment,1460592000000,653,653,653,653,653,653,653
10059,Hunting equipment,1460678400000,653,653,653,653,653,653,653
10059,Hunting equipment,1460764800000,653,653,653,653,653,653,653
10059,Hunting equipment,1460851200000,646,653,653,653,653,653,653
10059,Hunting equipment,1460937600000,646,646,653,653,646,653,653
10059,Hunting equipment,1461024000000,646,646,653,653,646,653,653
10059,Hunting equipment,1461110400000,646,646,653,653,646,653,653
10059,Hunting equipment,1461196800000,646,646,653,653,646,653,653
10059,Hunting equipment,1461283200000,646,646,653,653,646,653,653
10059,Hunting equipment,1461369600000,646,646,653,653,646,653,653
10059,Hunting equipment,1461456000000,646,646,646,653,646,653,653
10059,Hunting equipment,1461542400000,646,646,646,653,646,653,653
10059,Hunting equipment,1461628800000,646,646,646,653,646,653,653
10059,Hunting equipment,1461715200000,646,646,646,653,646,653,653
10059,Hunting equipment,1461801600000,646,646,646,653,646,653,653
10059,Hunting equipment,1461888000000,646,646,646,653,646,653,653
10059,Hunting equipment,1461974400000,646,646,646,653,646,653,653
10059,Hunting equipment,1462060800000,646,646,646,653,646,653,653
10059,Hunting equipment,1462147200000,646,646,646,653,646,653,653
10059,Hunting equipment,1462233600000,646,646,646,653,646,653,653
10059,Hunting equipment,1462320000000,646,646,646,653,646,653,653
10059,Hunting equipment,1462406400000,646,646,646,653,646,653,653
10059,Hunting equipment,1462492800000,646,646,646,653,646,653,653
10059,Hunting equipment,1462579200000,646,646,646,653,646,653,653
10059,Hunting equipment,1462665600000,646,646,646,653,646,653,653
10059,Hunting equipment,1462752000000,646,646,646,653,646,653,653
10059,Hunting equipment,1462838400000,646,646,646,653,646,653,653
10057,Hunting equipment,1449964800000,452,452,452,456,452,456,456
10057,Hunting equipment,1450051200000,452,452,452,456,452,456,456
10057,Hunting equipment,1450137600000,452,452,452,456,452,456,456
10057,Hunting equipment,1450224000000,452,452,452,456,452,456,456
10057,Hunting equipment,1450310400000,452,452,452,452,452,452,452
10057,Hunting equipment,1450396800000,452,452,452,452,452,452,452
10057,Hunting equipment,1450483200000,452,452,452,452,452,452,452
10057,Hunting equipment,1450569600000,452,452,452,452,452,452,452
10057,Hunting equipment,1450656000000,452,452,452,452,452,452,452
10057,Hunting equipment,1450742400000,452,452,452,452,452,452,452
10057,Hunting equipment,1450828800000,452,452,452,452,452,452,452
10057,Hunting equipment,1450915200000,452,452,452,452,452,452,452
10057,Hunting equipment,1451001600000,452,452,452,452,452,452,452
10057,Hunting equipment,1451088000000,452,452,452,452,452,452,452
10057,Hunting equipment,1451174400000,452,452,452,452,452,452,452
10057,Hunting equipment,1451260800000,452,452,452,452,452,452,452
10057,Hunting equipment,1451347200000,452,452,452,452,452,452,452
10057,Hunting equipment,1451433600000,452,452,452,452,452,452,452
10057,Hunting equipment,1451520000000,452,452,452,452,452,452,452
10057,Hunting equipment,1451606400000,452,452,452,452,452,452,452
10057,Hunting equipment,1451692800000,452,452,452,452,452,452,452
10057,Hunting equipment,1451779200000,452,452,452,452,452,452,452
10057,Hunting equipment,1451865600000,452,452,452,452,452,452,452
10057,Hunting equipment,1451952000000,452,452,452,452,452,452,452
10057,Hunting equipment,1452038400000,452,452,452,452,452,452,452
10057,Hunting equipment,1452124800000,452,452,452,452,452,452,452
10057,Hunting equipment,1452211200000,452,452,452,452,452,452,452
10057,Hunting equipment,1452297600000,452,452,452,452,452,452,452
10057,Hunting equipment,1452384000000,452,452,452,452,452,452,452
10057,Hunting equipment,1452470400000,452,452,452,452,452,452,452
10057,Hunting equipment,1452556800000,452,452,452,452,452,452,452
10057,Hunting equipment,1452643200000,457,452,452,452,452,452,452
10057,Hunting equipment,1452729600000,457,457,452,452,452,457,457
10057,Hunting equipment,1452816000000,457,457,452,452,452,457,457
10057,Hunting equipment,1452902400000,457,457,452,452,452,457,457
10057,Hunting equipment,1452988800000,457,457,452,452,452,457,457
10057,Hunting equipment,1453075200000,457,457,452,452,452,457,457
10057,Hunting equipment,1453161600000,457,457,452,452,452,457,457
10057,Hunting equipment,1453248000000,457,457,457,452,452,457,457
10057,Hunting equipment,1453334400000,457,457,457,452,452,457,457
10057,Hunting equipment,1453420800000,457,457,457,452,452,457,457
10057,Hunting equipment,1453507200000,457,457,457,452,452,457,457
10057,Hunting equipment,1453593600000,457,457,457,452,452,457,457
10057,Hunting equipment,1453680000000,457,457,457,452,452,457,457
10057,Hunting equipment,1453766400000,457,457,457,452,452,457,457
10057,Hunting equipment,1453852800000,457,457,457,452,452,457,457
10057,Hunting equipment,1453939200000,457,457,457,452,452,457,457
10057,Hunting equipment,1454025600000,457,457,457,452,452,457,457
10057,Hunting equipment,1454112000000,457,457,457,452,452,457,457
10057,Hunting equipment,1454198400000,457,457,457,452,452,457,457
10057,Hunting equipment,1454284800000,457,457,457,452,452,457,457
10057,Hunting equipment,1454371200000,457,457,457,452,452,457,457
10057,Hunting equipment,1454457600000,457,457,457,452,452,457,457
10057,Hunting equipment,1454544000000,457,457,457,452,452,457,457
10057,Hunting equipment,1454630400000,457,457,457,452,452,457,457
10057,Hunting equipment,1454716800000,457,457,457,452,452,457,457
10057,Hunting equipment,1454803200000,457,457,457,452,452,457,457
10057,Hunting equipment,1454889600000,457,457,457,452,452,457,457
10057,Hunting equipment,1454976000000,457,457,457,452,452,457,457
10057,Hunting equipment,1455062400000,457,457,457,452,452,457,457
10057,Hunting equipment,1455148800000,457,457,457,452,452,457,457
10057,Hunting equipment,1455235200000,473,457,457,457,457,457,457
10057,Hunting equipment,1455321600000,473,473,457,457,457,473,473
10057,Hunting equipment,1455408000000,473,473,457,457,457,473,473
10057,Hunting equipment,1455494400000,473,473,457,457,457,473,473
10057,Hunting equipment,1455580800000,473,473,457,457,457,473,473
10057,Hunting equipment,1455667200000,473,473,457,457,457,473,473
10057,Hunting equipment,1455753600000,473,473,457,457,457,473,473
10057,Hunting equipment,1455840000000,473,473,473,457,457,473,473
10057,Hunting equipment,1455926400000,473,473,473,457,457,473,473
10057,Hunting equipment,1456012800000,473,473,473,457,457,473,473
10057,Hunting equipment,1456099200000,473,473,473,457,457,473,473
10057,Hunting equipment,1456185600000,473,473,473,457,457,473,473
10057,Hunting equipment,1456272000000,473,473,473,457,457,473,473
10057,Hunting equipment,1456358400000,473,473,473,457,457,473,473
10057,Hunting equipment,1456444800000,473,473,473,457,457,473,473
10057,Hunting equipment,1456531200000,473,473,473,457,457,473,473
10057,Hunting equipment,1456617600000,473,473,473,457,457,473,473
10057,Hunting equipment,1456704000000,473,473,473,457,457,473,473
10057,Hunting equipment,1456790400000,473,473,473,457,457,473,473
10057,Hunting equipment,1456876800000,473,473,473,457,457,473,473
10057,Hunting equipment,1456963200000,473,473,473,457,457,473,473
10057,Hunting equipment,1457049600000,473,473,473,457,457,473,473
10057,Hunting equipment,1457136000000,473,473,473,457,457,473,473
10057,Hunting equipment,1457222400000,473,473,473,457,457,473,473
10057,Hunting equipment,1457308800000,482,473,473,457,457,473,473
10057,Hunting equipment,1457395200000,482,482,473,457,457,482,482
10057,Hunting equipment,1457481600000,482,482,473,457,457,482,482
10057,Hunting equipment,1457568000000,482,482,473,457,457,482,482
10057,Hunting equipment,1457654400000,482,482,473,457,457,482,482
10057,Hunting equipment,1457740800000,482,482,473,457,457,482,482
10057,Hunting equipment,1457827200000,482,482,473,473,473,482,482
10057,Hunting equipment,1457913600000,482,482,482,473,473,482,482
10057,Hunting equipment,1458000000000,482,482,482,473,473,482,482
10057,Hunting equipment,1458086400000,482,482,482,473,473,482,482
10057,Hunting equipment,1458172800000,482,482,482,473,473,482,482
10057,Hunting equipment,1458259200000,482,482,482,473,473,482,482
10057,Hunting equipment,1458345600000,482,482,482,473,473,482,482
10057,Hunting equipment,1458432000000,482,482,482,473,473,482,482
10057,Hunting equipment,1458518400000,482,482,482,473,473,482,482
10057,Hunting equipment,1458604800000,482,482,482,473,473,482,482
10057,Hunting equipment,1458691200000,482,482,482,473,473,482,482
10057,Hunting equipment,1458777600000,482,482,482,473,473,482,482
10057,Hunting equipment,1458864000000,482,482,482,473,473,482,482
10057,Hunting equipment,1458950400000,482,482,482,473,473,482,482
10057,Hunting equipment,1459036800000,482,482,482,473,473,482,482
10057,Hunting equipment,1459123200000,482,482,482,473,473,482,482
10057,Hunting equipment,1459209600000,482,482,482,473,473,482,482
10057,Hunting equipment,1459296000000,482,482,482,473,473,482,482
10057,Hunting equipment,1459382400000,482,482,482,473,473,482,482
10057,Hunting equipment,1459468800000,482,482,482,473,473,482,482
10057,Hunting equipment,1459555200000,482,482,482,473,473,482,482
10057,Hunting equipment,1459641600000,482,482,482,473,473,482,482
10057,Hunting equipment,1459728000000,482,482,482,473,473,482,482
10057,Hunting equipment,1459814400000,482,482,482,473,473,482,482
10057,Hunting equipment,1459900800000,482,482,482,482,482,482,482
10057,Hunting equipment,1459987200000,481,482,482,482,482,482,482
10057,Hunting equipment,1460073600000,481,481,482,482,481,482,482
10057,Hunting equipment,1460160000000,481,481,482,482,481,482,482
10057,Hunting equipment,1460246400000,481,481,482,482,481,482,482
10057,Hunting equipment,1460332800000,481,481,482,482,481,482,482
10057,Hunting equipment,1460419200000,481,481,482,482,481,482,482
10057,Hunting equipment,1460505600000,481,481,482,482,481,482,482
10057,Hunting equipment,1460592000000,481,481,481,482,481,482,482
10057,Hunting equipment,1460678400000,481,481,481,482,481,482,482
10057,Hunting equipment,1460764800000,481,481,481,482,481,482,482
10057,Hunting equipment,1460851200000,481,481,481,482,481,482,482
10057,Hunting equipment,1460937600000,481,481,481,482,481,482,482
10057,Hunting equipment,1461024000000,481,481,481,482,481,482,482
10057,Hunting equipment,1461110400000,481,481,481,482,481,482,482
10057,Hunting equipment,1461196800000,481,481,481,482,481,482,482
10057,Hunting equipment,1461283200000,481,481,481,482,481,482,482
10057,Hunting equipment,1461369600000,481,481,481,482,481,482,482
10057,Hunting equipment,1461456000000,481,481,481,482,481,482,482
10057,Hunting equipment,1461542400000,481,481,481,482,481,482,482
10057,Hunting equipment,1461628800000,481,481,481,482,481,482,482
10057,Hunting equipment,1461715200000,481,481,481,482,481,482,482
10057,Hunting equipment,1461801600000,481,481,481,482,481,482,482
10057,Hunting equipment,1461888000000,481,481,481,482,481,482,482
10057,Hunting equipment,1461974400000,481,481,481,482,481,482,482
10057,Hunting equipment,1462060800000,481,481,481,482,481,482,482
10057,Hunting equipment,1462147200000,481,481,481,482,481,482,482
10057,Hunting equipment,1462233600000,481,481,481,482,481,482,482
10057,Hunting equipment,1462320000000,481,481,481,482,481,482,482
10057,Hunting equipment,1462406400000,481,481,481,482,481,482,482
10057,Hunting equipment,1462492800000,475,481,481,482,481,482,482
10057,Hunting equipment,1462579200000,475,475,481,481,475,481,481
10057,Hunting equipment,1462665600000,475,475,481,481,475,481,481
10057,Hunting equipment,1462752000000,475,475,481,481,475,481,481
10057,Hunting equipment,1462838400000,475,475,481,481,475,481,481
10039,Hunting equipment,1449964800000,11702,11702,11527,11242,11242,11702,11702
10039,Hunting equipment,1450051200000,11702,11702,11527,11242,11242,11702,11702
10039,Hunting equipment,1450137600000,11702,11702,11527,11242,11242,11702,11702
10039,Hunting equipment,1450224000000,11702,11702,11527,11242,11242,11702,11702
10039,Hunting equipment,1450310400000,11702,11702,11527,11242,11242,11702,11702
10039,Hunting equipment,1450396800000,11702,11702,11702,11242,11242,11702,11702
10039,Hunting equipment,1450483200000,11702,11702,11702,11242,11242,11702,11702
10039,Hunting equipment,1450569600000,11702,11702,11702,11331,11331,11702,11702
10039,Hunting equipment,1450656000000,11703,11702,11702,11331,11331,11702,11702
10039,Hunting equipment,1450742400000,11703,11703,11702,11331,11331,11703,11703
10039,Hunting equipment,1450828800000,11703,11703,11702,11331,11331,11703,11703
10039,Hunting equipment,1450915200000,11703,11703,11702,11331,11331,11703,11703
10039,Hunting equipment,1451001600000,11703,11703,11702,11331,11331,11703,11703
10039,Hunting equipment,1451088000000,11703,11703,11702,11331,11331,11703,11703
10039,Hunting equipment,1451174400000,11703,11703,11702,11331,11331,11703,11703
10039,Hunting equipment,1451260800000,11703,11703,11703,11331,11331,11703,11703
10039,Hunting equipment,1451347200000,11703,11703,11703,11331,11331,11703,11703
10039,Hunting equipment,1451433600000,11808,11703,11703,11527,11527,11703,11703
10039,Hunting equipment,1451520000000,11808,11808,11703,11527,11527,11808,11808
10039,Hunting equipment,1451606400000,11808,11808,11703,11527,11527,11808,11808
10039,Hunting equipment,1451692800000,11808,11808,11703,11527,11527,11808,11808
10039,Hunting equipment,1451779200000,11808,11808,11703,11527,11527,11808,11808
10039,Hunting equipment,1451865600000,11808,11808,11703,11527,11527,11808,11808
10039,Hunting equipment,1451952000000,11808,11808,11703,11527,11527,11808,11808
10039,Hunting equipment,1452038400000,11808,11808,11808,11527,11527,11808,11808
10039,Hunting equipment,1452124800000,11808,11808,11808,11527,11527,11808,11808
10039,Hunting equipment,1452211200000,12173,11808,11808,11527,11527,11808,11808
10039,Hunting equipment,1452297600000,12173,12173,11808,11527,11527,12173,12173
10039,Hunting equipment,1452384000000,12173,12173,11808,11702,11702,12173,12173
10039,Hunting equipment,1452470400000,12173,12173,11808,11702,11702,12173,12173
10039,Hunting equipment,1452556800000,12173,12173,11808,11702,11702,12173,12173
10039,Hunting equipment,1452643200000,12173,12173,11808,11702,11702,12173,12173
10039,Hunting equipment,1452729600000,12173,12173,11808,11702,11702,12173,12173
10039,Hunting equipment,1452816000000,12173,12173,12173,11702,11702,12173,12173
10039,Hunting equipment,1452902400000,12173,12173,12173,11702,11702,12173,12173
10039,Hunting equipment,1452988800000,12206,12173,12173,11702,11702,12173,12173
10039,Hunting equipment,1453075200000,12206,12206,12173,11702,11702,12206,12206
10039,Hunting equipment,1453161600000,12206,12206,12173,11702,11702,12206,12206
10039,Hunting equipment,1453248000000,12206,12206,12173,11703,11703,12206,12206
10039,Hunting equipment,1453334400000,12206,12206,12173,11703,11703,12206,12206
10039,Hunting equipment,1453420800000,12206,12206,12173,11703,11703,12206,12206
10039,Hunting equipment,1453507200000,12206,12206,12173,11703,11703,12206,12206
10039,Hunting equipment,1453593600000,12206,12206,12206,11703,11703,12206,12206
10039,Hunting equipment,1453680000000,12206,12206,12206,11703,11703,12206,12206
10039,Hunting equipment,1453766400000,12206,12206,12206,11703,11703,12206,12206
10039,Hunting equipment,1453852800000,12218,12206,12206,11703,11703,12206,12206
10039,Hunting equipment,1453939200000,12218,12218,12206,11703,11703,12218,12218
10039,Hunting equipment,1454025600000,12218,12218,12206,11808,11808,12218,12218
10039,Hunting equipment,1454112000000,12218,12218,12206,11808,11808,12218,12218
10039,Hunting equipment,1454198400000,12218,12218,12206,11808,11808,12218,12218
10039,Hunting equipment,1454284800000,12218,12218,12206,11808,11808,12218,12218
10039,Hunting equipment,1454371200000,12218,12218,12206,11808,11808,12218,12218
10039,Hunting equipment,1454457600000,12218,12218,12218,11808,11808,12218,12218
10039,Hunting equipment,1454544000000,12218,12218,12218,11808,11808,12218,12218
10039,Hunting equipment,1454630400000,12218,12218,12218,11808,11808,12218,12218
10039,Hunting equipment,1454716800000,12218,12218,12218,11808,11808,12218,12218
10039,Hunting equipment,1454803200000,12218,12218,12218,12173,12173,12218,12218
10039,Hunting equipment,1454889600000,12525,12218,12218,12173,12173,12218,12218
10039,Hunting equipment,1454976000000,12525,12525,12218,12173,12173,12525,12525
10039,Hunting equipment,1455062400000,12525,12525,12218,12173,12173,12525,12525
10039,Hunting equipment,1455148800000,12525,12525,12218,12173,12173,12525,12525
10039,Hunting equipment,1455235200000,12525,12525,12218,12173,12173,12525,12525
10039,Hunting equipment,1455321600000,12525,12525,12218,12173,12173,12525,12525
10039,Hunting equipment,1455408000000,12525,12525,12218,12173,12173,12525,12525
10039,Hunting equipment,1455494400000,12525,12525,12525,12173,12173,12525,12525
10039,Hunting equipment,1455580800000,12525,12525,12525,12206,12206,12525,12525
10039,Hunting equipment,1455667200000,12525,12525,12525,12206,12206,12525,12525
10039,Hunting equipment,1455753600000,12525,12525,12525,12206,12206,12525,12525
10039,Hunting equipment,1455840000000,12678,12525,12525,12206,12206,12525,12525
10039,Hunting equipment,1455926400000,12678,12678,12525,12206,12206,12678,12678
10039,Hunting equipment,1456012800000,12678,12678,12525,12206,12206,12678,12678
10039,Hunting equipment,1456099200000,12678,12678,12525,12206,12206,12678,12678
10039,Hunting equipment,1456185600000,12678,12678,12525,12206,12206,12678,12678
10039,Hunting equipment,1456272000000,12678,12678,12525,12206,12206,12678,12678
10039,Hunting equipment,1456358400000,12678,12678,12525,12206,12206,12678,12678
10039,Hunting equipment,1456444800000,12678,12678,12678,12218,12218,12678,12678
10039,Hunting equipment,1456531200000,12678,12678,12678,12218,12218,12678,12678
10039,Hunting equipment,1456617600000,12850,12678,12678,12218,12218,12678,12678
10039,Hunting equipment,1456704000000,12850,12850,12678,12218,12218,12850,12850
10039,Hunting equipment,1456790400000,12850,12850,12678,12218,12218,12850,12850
10039,Hunting equipment,1456876800000,12850,12850,12678,12218,12218,12850,12850
10039,Hunting equipment,1456963200000,12850,12850,12678,12218,12218,12850,12850
10039,Hunting equipment,1457049600000,12850,12850,12678,12218,12218,12850,12850
10039,Hunting equipment,1457136000000,12850,12850,12678,12218,12218,12850,12850
10039,Hunting equipment,1457222400000,12850,12850,12850,12218,12218,12850,12850
10039,Hunting equipment,1457308800000,13140,12850,12850,12218,12218,12850,12850
10039,Hunting equipment,1457395200000,13140,13140,12850,12218,12218,13140,13140
10039,Hunting equipment,1457481600000,13140,13140,12850,12525,12525,13140,13140
10039,Hunting equipment,1457568000000,13140,13140,12850,12525,12525,13140,13140
10039,Hunting equipment,1457654400000,13140,13140,12850,12525,12525,13140,13140
10039,Hunting equipment,1457740800000,13140,13140,12850,12525,12525,13140,13140
10039,Hunting equipment,1457827200000,13140,13140,12850,12525,12525,13140,13140
10039,Hunting equipment,1457913600000,13140,13140,13140,12525,12525,13140,13140
10039,Hunting equipment,1458000000000,13140,13140,13140,12525,12525,13140,13140
10039,Hunting equipment,1458086400000,13140,13140,13140,12525,12525,13140,13140
10039,Hunting equipment,1458172800000,13140,13140,13140,12525,12525,13140,13140
10039,Hunting equipment,1458259200000,13436,13140,13140,12525,12525,13140,13140
10039,Hunting equipment,1458345600000,13436,13436,13140,12525,12525,13436,13436
10039,Hunting equipment,1458432000000,13436,13436,13140,12678,12678,13436,13436
10039,Hunting equipment,1458518400000,13436,13436,13140,12678,12678,13436,13436
10039,Hunting equipment,1458604800000,13436,13436,13140,12678,12678,13436,13436
10039,Hunting equipment,1458691200000,13436,13436,13140,12678,12678,13436,13436
10039,Hunting equipment,1458777600000,13436,13436,13140,12678,12678,13436,13436
10039,Hunting equipment,1458864000000,13436,13436,13436,12678,12678,13436,13436
10039,Hunting equipment,1458950400000,13436,13436,13436,12678,12678,13436,13436
10039,Hunting equipment,1459036800000,13436,13436,13436,12678,12678,13436,13436
10039,Hunting equipment,1459123200000,13436,13436,13436,12678,12678,13436,13436
10039,Hunting equipment,1459209600000,13436,13436,13436,12850,12850,13436,13436
10039,Hunting equipment,1459296000000,13546,13436,13436,12850,12850,13436,13436
10039,Hunting equipment,1459382400000,13546,13546,13436,12850,12850,13546,13546
10039,Hunting equipment,1459468800000,13546,13546,13436,12850,12850,13546,13546
10039,Hunting equipment,1459555200000,13546,13546,13436,12850,12850,13546,13546
10039,Hunting equipment,1459641600000,13546,13546,13436,12850,12850,13546,13546
10039,Hunting equipment,1459728000000,13546,13546,13436,12850,12850,13546,13546
10039,Hunting equipment,1459814400000,13546,13546,13436,12850,12850,13546,13546
10039,Hunting equipment,1459900800000,13546,13546,13546,13140,13140,13546,13546
10039,Hunting equipment,1459987200000,13546,13546,13546,13140,13140,13546,13546
10039,Hunting equipment,1460073600000,13546,13546,13546,13140,13140,13546,13546
10039,Hunting equipment,1460160000000,13546,13546,13546,13140,13140,13546,13546
10039,Hunting equipment,1460246400000,13983,13546,13546,13140,13140,13546,13546
10039,Hunting equipment,1460332800000,13983,13983,13546,13140,13140,13983,13983
10039,Hunting equipment,1460419200000,13983,13983,13546,13140,13140,13983,13983
10039,Hunting equipment,1460505600000,13983,13983,13546,13140,13140,13983,13983
10039,Hunting equipment,1460592000000,13983,13983,13546,13140,13140,13983,13983
10039,Hunting equipment,1460678400000,13983,13983,13546,13140,13140,13983,13983
10039,Hunting equipment,1460764800000,13983,13983,13546,13140,13140,13983,13983
10039,Hunting equipment,1460851200000,13983,13983,13983,13436,13436,13983,13983
10039,Hunting equipment,1460937600000,13983,13983,13983,13436,13436,13983,13983
10039,Hunting equipment,1461024000000,13983,13983,13983,13436,13436,13983,13983
10039,Hunting equipment,1461110400000,14471,13983,13983,13436,13436,13983,13983
10039,Hunting equipment,1461196800000,14471,14471,13983,13436,13436,14471,14471
10039,Hunting equipment,1461283200000,14471,14471,13983,13436,13436,14471,14471
10039,Hunting equipment,1461369600000,14471,14471,13983,13436,13436,14471,14471
10039,Hunting equipment,1461456000000,14471,14471,13983,13436,13436,14471,14471
10039,Hunting equipment,1461542400000,14471,14471,13983,13436,13436,14471,14471
10039,Hunting equipment,1461628800000,14471,14471,13983,13436,13436,14471,14471
10039,Hunting equipment,1461715200000,14471,14471,14471,13436,13436,14471,14471
10039,Hunting equipment,1461801600000,14471,14471,14471,13436,13436,14471,14471
10039,Hunting equipment,1461888000000,14471,14471,14471,13546,13546,14471,14471
10039,Hunting equipment,1461974400000,14471,14471,14471,13546,13546,14471,14471
10039,Hunting equipment,1462060800000,14493,14471,14471,13546,13546,14471,14471
10039,Hunting equipment,1462147200000,14493,14493,14471,13546,13546,14493,14493
10039,Hunting equipment,1462233600000,14493,14493,14471,13546,13546,14493,14493
10039,Hunting equipment,1462320000000,14493,14493,14471,13546,13546,14493,14493
10039,Hunting equipment,1462406400000,14493,14493,14471,13546,13546,14493,14493
10039,Hunting equipment,1462492800000,14493,14493,14471,13546,13546,14493,14493
10039,Hunting equipment,1462579200000,14493,14493,14471,13546,13546,14493,14493
10039,Hunting equipment,1462665600000,14493,14493,14493,13546,13546,14493,14493
10039,Hunting equipment,1462752000000,14493,14493,14493,13546,13546,14493,14493
10039,Hunting equipment,1462838400000,14493,14493,14493,13983,13983,14493,14493
10035,Hunting equipment,1449964800000,708,708,675,647,647,708,708
10035,Hunting equipment,1450051200000,708,708,708,647,647,708,708
10035,Hunting equipment,1450137600000,708,708,708,647,647,708,708
10035,Hunting equipment,1450224000000,708,708,708,647,647,708,708
10035,Hunting equipment,1450310400000,708,708,708,647,647,708,708
10035,Hunting equipment,1450396800000,708,708,708,647,647,708,708
10035,Hunting equipment,1450483200000,744,708,708,647,647,708,708
10035,Hunting equipment,1450569600000,744,744,708,647,647,744,744
10035,Hunting equipment,1450656000000,744,744,708,647,647,744,744
10035,Hunting equipment,1450742400000,744,744,708,647,647,744,744
10035,Hunting equipment,1450828800000,744,744,708,675,675,744,744
10035,Hunting equipment,1450915200000,744,744,708,675,675,744,744
10035,Hunting equipment,1451001600000,744,744,708,675,675,744,744
10035,Hunting equipment,1451088000000,744,744,744,675,675,744,744
10035,Hunting equipment,1451174400000,744,744,744,675,675,744,744
10035,Hunting equipment,1451260800000,744,744,744,675,675,744,744
10035,Hunting equipment,1451347200000,781,744,744,675,675,744,744
10035,Hunting equipment,1451433600000,781,781,744,675,675,781,781
10035,Hunting equipment,1451520000000,781,781,744,675,675,781,781
10035,Hunting equipment,1451606400000,781,781,744,675,675,781,781
10035,Hunting equipment,1451692800000,781,781,744,675,675,781,781
10035,Hunting equipment,1451779200000,781,781,744,675,675,781,781
10035,Hunting equipment,1451865600000,781,781,744,675,675,781,781
10035,Hunting equipment,1451952000000,781,781,781,675,675,781,781
10035,Hunting equipment,1452038400000,781,781,781,708,708,781,781
10035,Hunting equipment,1452124800000,781,781,781,708,708,781,781
10035,Hunting equipment,1452211200000,817,781,781,708,708,781,781
10035,Hunting equipment,1452297600000,817,817,781,708,708,817,817
10035,Hunting equipment,1452384000000,817,817,781,708,708,817,817
10035,Hunting equipment,1452470400000,817,817,781,708,708,817,817
10035,Hunting equipment,1452556800000,817,817,781,708,708,817,817
10035,Hunting equipment,1452643200000,817,817,781,708,708,817,817
10035,Hunting equipment,1452729600000,817,817,781,708,708,817,817
10035,Hunting equipment,1452816000000,817,817,817,708,708,817,817
10035,Hunting equipment,1452902400000,817,817,817,708,708,817,817
10035,Hunting equipment,1452988800000,817,817,817,708,708,817,817
10035,Hunting equipment,1453075200000,817,817,817,744,744,817,817
10035,Hunting equipment,1453161600000,850,817,817,744,744,817,817
10035,Hunting equipment,1453248000000,850,850,817,744,744,850,850
10035,Hunting equipment,1453334400000,850,850,817,744,744,850,850
10035,Hunting equipment,1453420800000,850,850,817,744,744,850,850
10035,Hunting equipment,1453507200000,850,850,817,744,744,850,850
10035,Hunting equipment,1453593600000,850,850,817,744,744,850,850
10035,Hunting equipment,1453680000000,850,850,817,744,744,850,850
10035,Hunting equipment,1453766400000,850,850,850,744,744,850,850
10035,Hunting equipment,1453852800000,850,850,850,744,744,850,850
10035,Hunting equipment,1453939200000,850,850,850,781,781,850,850
10035,Hunting equipment,1454025600000,850,850,850,781,781,850,850
10035,Hunting equipment,1454112000000,850,850,850,781,781,850,850
10035,Hunting equipment,1454198400000,850,850,850,781,781,850,850
10035,Hunting equipment,1454284800000,877,850,850,781,781,850,850
10035,Hunting equipment,1454371200000,877,877,850,781,781,877,877
10035,Hunting equipment,1454457600000,877,877,850,781,781,877,877
10035,Hunting equipment,1454544000000,877,877,850,781,781,877,877
10035,Hunting equipment,1454630400000,877,877,850,781,781,877,877
10035,Hunting equipment,1454716800000,877,877,850,781,781,877,877
10035,Hunting equipment,1454803200000,877,877,850,817,817,877,877
10035,Hunting equipment,1454889600000,877,877,877,817,817,877,877
10035,Hunting equipment,1454976000000,877,877,877,817,817,877,877
10035,Hunting equipment,1455062400000,877,877,877,817,817,877,877
10035,Hunting equipment,1455148800000,877,877,877,817,817,877,877
10035,Hunting equipment,1455235200000,877,877,877,817,817,877,877
10035,Hunting equipment,1455321600000,877,877,877,817,817,877,877
10035,Hunting equipment,1455408000000,913,877,877,817,817,877,877
10035,Hunting equipment,1455494400000,913,913,877,817,817,913,913
10035,Hunting equipment,1455580800000,913,913,877,817,817,913,913
10035,Hunting equipment,1455667200000,913,913,877,817,817,913,913
10035,Hunting equipment,1455753600000,913,913,877,850,850,913,913
10035,Hunting equipment,1455840000000,913,913,877,850,850,913,913
10035,Hunting equipment,1455926400000,913,913,877,850,850,913,913
10035,Hunting equipment,1456012800000,913,913,913,850,850,913,913
10035,Hunting equipment,1456099200000,913,913,913,850,850,913,913
10035,Hunting equipment,1456185600000,913,913,913,850,850,913,913
10035,Hunting equipment,1456272000000,913,913,913,850,850,913,913
10035,Hunting equipment,1456358400000,913,913,913,850,850,913,913
10035,Hunting equipment,1456444800000,947,913,913,850,850,913,913
10035,Hunting equipment,1456531200000,947,947,913,850,850,947,947
10035,Hunting equipment,1456617600000,947,947,913,850,850,947,947
10035,Hunting equipment,1456704000000,947,947,913,850,850,947,947
10035,Hunting equipment,1456790400000,947,947,913,850,850,947,947
10035,Hunting equipment,1456876800000,986,947,913,877,877,947,947
10035,Hunting equipment,1456963200000,986,986,913,877,877,986,986
10035,Hunting equipment,1457049600000,986,986,947,877,877,986,986
10035,Hunting equipment,1457136000000,986,986,947,877,877,986,986
10035,Hunting equipment,1457222400000,986,986,947,877,877,986,986
10035,Hunting equipment,1457308800000,986,986,947,877,877,986,986
10035,Hunting equipment,1457395200000,986,986,947,877,877,986,986
10035,Hunting equipment,1457481600000,986,986,986,877,877,986,986
10035,Hunting equipment,1457568000000,986,986,986,877,877,986,986
10035,Hunting equipment,1457654400000,986,986,986,877,877,986,986
10035,Hunting equipment,1457740800000,986,986,986,877,877,986,986
10035,Hunting equipment,1457827200000,986,986,986,877,877,986,986
10035,Hunting equipment,1457913600000,1035,986,986,877,877,986,986
10035,Hunting equipment,1458000000000,1035,1035,986,913,913,1035,1035
10035,Hunting equipment,1458086400000,1035,1035,986,913,913,1035,1035
10035,Hunting equipment,1458172800000,1035,1035,986,913,913,1035,1035
10035,Hunting equipment,1458259200000,1035,1035,986,913,913,1035,1035
10035,Hunting equipment,1458345600000,1035,1035,986,913,913,1035,1035
10035,Hunting equipment,1458432000000,1035,1035,986,913,913,1035,1035
10035,Hunting equipment,1458518400000,1035,1035,1035,913,913,1035,1035
10035,Hunting equipment,1458604800000,1035,1035,1035,913,913,1035,1035
10035,Hunting equipment,1458691200000,1035,1035,1035,913,913,1035,1035
10035,Hunting equipment,1458777600000,1035,1035,1035,913,913,1035,1035
10035,Hunting equipment,1458864000000,1035,1035,1035,913,913,1035,1035
10035,Hunting equipment,1458950400000,1035,1035,1035,913,913,1035,1035
10035,Hunting equipment,1459036800000,1060,1035,1035,947,947,1035,1035
10035,Hunting equipment,1459123200000,1060,1060,1035,947,947,1060,1060
10035,Hunting equipment,1459209600000,1060,1060,1035,947,947,1060,1060
10035,Hunting equipment,1459296000000,1060,1060,1035,947,947,1060,1060
10035,Hunting equipment,1459382400000,1060,1060,1035,947,947,1060,1060
10035,Hunting equipment,1459468800000,1060,1060,1035,986,986,1060,1060
10035,Hunting equipment,1459555200000,1060,1060,1035,986,986,1060,1060
10035,Hunting equipment,1459641600000,1060,1060,1060,986,986,1060,1060
10035,Hunting equipment,1459728000000,1060,1060,1060,986,986,1060,1060
10035,Hunting equipment,1459814400000,1060,1060,1060,986,986,1060,1060
10035,Hunting equipment,1459900800000,1060,1060,1060,986,986,1060,1060
10035,Hunting equipment,1459987200000,1060,1060,1060,986,986,1060,1060
10035,Hunting equipment,1460073600000,1060,1060,1060,986,986,1060,1060
10035,Hunting equipment,1460160000000,1108,1060,1060,986,986,1060,1060
10035,Hunting equipment,1460246400000,1108,1108,1060,986,986,1108,1108
10035,Hunting equipment,1460332800000,1108,1108,1060,986,986,1108,1108
10035,Hunting equipment,1460419200000,1108,1108,1060,986,986,1108,1108
10035,Hunting equipment,1460505600000,1108,1108,1060,1035,1035,1108,1108
10035,Hunting equipment,1460592000000,1108,1108,1060,1035,1035,1108,1108
10035,Hunting equipment,1460678400000,1108,1108,1060,1035,1035,1108,1108
10035,Hunting equipment,1460764800000,1108,1108,1108,1035,1035,1108,1108
10035,Hunting equipment,1460851200000,1108,1108,1108,1035,1035,1108,1108
10035,Hunting equipment,1460937600000,1108,1108,1108,1035,1035,1108,1108
10035,Hunting equipment,1461024000000,1108,1108,1108,1035,1035,1108,1108
10035,Hunting equipment,1461110400000,1158,1108,1108,1035,1035,1108,1108
10035,Hunting equipment,1461196800000,1158,1158,1108,1035,1035,1158,1158
10035,Hunting equipment,1461283200000,1158,1158,1108,1035,1035,1158,1158
10035,Hunting equipment,1461369600000,1158,1158,1108,1035,1035,1158,1158
10035,Hunting equipment,1461456000000,1158,1158,1108,1035,1035,1158,1158
10035,Hunting equipment,1461542400000,1158,1158,1108,1035,1035,1158,1158
10035,Hunting equipment,1461628800000,1158,1158,1108,1060,1060,1158,1158
10035,Hunting equipment,1461715200000,1158,1158,1158,1060,1060,1158,1158
10035,Hunting equipment,1461801600000,1158,1158,1158,1060,1060,1158,1158
10035,Hunting equipment,1461888000000,1158,1158,1158,1060,1060,1158,1158
10035,Hunting equipment,1461974400000,1158,1158,1158,1060,1060,1158,1158
10035,Hunting equipment,1462060800000,1198,1158,1158,1060,1060,1158,1158
10035,Hunting equipment,1462147200000,1198,1198,1158,1060,1060,1198,1198
10035,Hunting equipment,1462233600000,1198,1198,1158,1060,1060,1198,1198
10035,Hunting equipment,1462320000000,1198,1198,1158,1060,1060,1198,1198
10035,Hunting equipment,1462406400000,1198,1198,1158,1060,1060,1198,1198
10035,Hunting equipment,1462492800000,1198,1198,1158,1060,1060,1198,1198
10035,Hunting equipment,1462579200000,1198,1198,1158,1060,1060,1198,1198
10035,Hunting equipment,1462665600000,1198,1198,1198,1060,1060,1198,1198
10035,Hunting equipment,1462752000000,1198,1198,1198,1108,1108,1198,1198
10035,Hunting equipment,1462838400000,1198,1198,1198,1108,1108,1198,1198
10037,Hunting equipment,1449964800000,669,669,669,609,609,669,669
10037,Hunting equipment,1450051200000,669,669,669,609,609,669,669
10037,Hunting equipment,1450137600000,669,669,669,609,609,669,669
10037,Hunting equipment,1450224000000,699,669,669,609,609,669,669
10037,Hunting equipment,1450310400000,699,699,669,609,609,699,699
10037,Hunting equipment,1450396800000,699,699,669,609,609,699,699
10037,Hunting equipment,1450483200000,699,699,669,609,609,699,699
10037,Hunting equipment,1450569600000,699,699,669,609,609,699,699
10037,Hunting equipment,1450656000000,699,699,669,637,637,699,699
10037,Hunting equipment,1450742400000,699,699,669,637,637,699,699
10037,Hunting equipment,1450828800000,699,699,699,637,637,699,699
10037,Hunting equipment,1450915200000,699,699,699,637,637,699,699
10037,Hunting equipment,1451001600000,732,699,699,637,637,699,699
10037,Hunting equipment,1451088000000,732,732,699,637,637,732,732
10037,Hunting equipment,1451174400000,732,732,699,637,637,732,732
10037,Hunting equipment,1451260800000,732,732,699,637,637,732,732
10037,Hunting equipment,1451347200000,732,732,699,637,637,732,732
10037,Hunting equipment,1451433600000,732,732,699,637,637,732,732
10037,Hunting equipment,1451520000000,732,732,699,637,637,732,732
10037,Hunting equipment,1451606400000,732,732,732,637,637,732,732
10037,Hunting equipment,1451692800000,732,732,732,637,637,732,732
10037,Hunting equipment,1451779200000,732,732,732,669,669,732,732
10037,Hunting equipment,1451865600000,756,732,732,669,669,732,732
10037,Hunting equipment,1451952000000,756,756,732,669,669,756,756
10037,Hunting equipment,1452038400000,756,756,732,669,669,756,756
10037,Hunting equipment,1452124800000,756,756,732,669,669,756,756
10037,Hunting equipment,1452211200000,756,756,732,669,669,756,756
10037,Hunting equipment,1452297600000,756,756,732,669,669,756,756
10037,Hunting equipment,1452384000000,756,756,732,669,669,756,756
10037,Hunting equipment,1452470400000,756,756,756,669,669,756,756
10037,Hunting equipment,1452556800000,756,756,756,669,669,756,756
10037,Hunting equipment,1452643200000,756,756,756,669,669,756,756
10037,Hunting equipment,1452729600000,756,756,756,669,669,756,756
10037,Hunting equipment,1452816000000,792,756,756,699,699,756,756
10037,Hunting equipment,1452902400000,792,792,756,699,699,792,792
10037,Hunting equipment,1452988800000,792,792,756,699,699,792,792
10037,Hunting equipment,1453075200000,792,792,756,699,699,792,792
10037,Hunting equipment,1453161600000,792,792,756,699,699,792,792
10037,Hunting equipment,1453248000000,792,792,756,699,699,792,792
10037,Hunting equipment,1453334400000,792,792,756,699,699,792,792
10037,Hunting equipment,1453420800000,792,792,792,699,699,792,792
10037,Hunting equipment,1453507200000,792,792,792,699,699,792,792
10037,Hunting equipment,1453593600000,792,792,792,732,732,792,792
10037,Hunting equipment,1453680000000,829,792,792,732,732,792,792
10037,Hunting equipment,1453766400000,829,829,792,732,732,829,829
10037,Hunting equipment,1453852800000,829,829,792,732,732,829,829
10037,Hunting equipment,1453939200000,829,829,792,732,732,829,829
10037,Hunting equipment,1454025600000,829,829,792,732,732,829,829
10037,Hunting equipment,1454112000000,829,829,792,732,732,829,829
10037,Hunting equipment,1454198400000,829,829,792,732,732,829,829
10037,Hunting equipment,1454284800000,829,829,829,732,732,829,829
10037,Hunting equipment,1454371200000,829,829,829,732,732,829,829
10037,Hunting equipment,1454457600000,829,829,829,756,756,829,829
10037,Hunting equipment,1454544000000,829,829,829,756,756,829,829
10037,Hunting equipment,1454630400000,829,829,829,756,756,829,829
10037,Hunting equipment,1454716800000,829,829,829,756,756,829,829
10037,Hunting equipment,1454803200000,861,829,829,756,756,829,829
10037,Hunting equipment,1454889600000,861,861,829,756,756,861,861
10037,Hunting equipment,1454976000000,861,861,829,756,756,861,861
10037,Hunting equipment,1455062400000,861,861,829,756,756,861,861
10037,Hunting equipment,1455148800000,861,861,829,756,756,861,861
10037,Hunting equipment,1455235200000,861,861,829,756,756,861,861
10037,Hunting equipment,1455321600000,861,861,829,756,756,861,861
10037,Hunting equipment,1455408000000,861,861,861,792,792,861,861
10037,Hunting equipment,1455494400000,861,861,861,792,792,861,861
10037,Hunting equipment,1455580800000,861,861,861,792,792,861,861
10037,Hunting equipment,1455667200000,861,861,861,792,792,861,861
10037,Hunting equipment,1455753600000,882,861,861,792,792,861,861
10037,Hunting equipment,1455840000000,882,882,861,792,792,882,882
10037,Hunting equipment,1455926400000,882,882,861,792,792,882,882
10037,Hunting equipment,1456012800000,882,882,861,792,792,882,882
10037,Hunting equipment,1456099200000,882,882,861,792,792,882,882
10037,Hunting equipment,1456185600000,882,882,861,792,792,882,882
10037,Hunting equipment,1456272000000,882,882,861,829,829,882,882
10037,Hunting equipment,1456358400000,882,882,882,829,829,882,882
10037,Hunting equipment,1456444800000,882,882,882,829,829,882,882
10037,Hunting equipment,1456531200000,882,882,882,829,829,882,882
10037,Hunting equipment,1456617600000,923,882,882,829,829,882,882
10037,Hunting equipment,1456704000000,923,923,882,829,829,923,923
10037,Hunting equipment,1456790400000,923,923,882,829,829,923,923
10037,Hunting equipment,1456876800000,923,923,882,829,829,923,923
10037,Hunting equipment,1456963200000,923,923,882,829,829,923,923
10037,Hunting equipment,1457049600000,923,923,882,829,829,923,923
10037,Hunting equipment,1457136000000,923,923,882,829,829,923,923
10037,Hunting equipment,1457222400000,923,923,923,829,829,923,923
10037,Hunting equipment,1457308800000,923,923,923,829,829,923,923
10037,Hunting equipment,1457395200000,963,923,923,861,861,923,923
10037,Hunting equipment,1457481600000,963,963,923,861,861,963,963
10037,Hunting equipment,1457568000000,963,963,923,861,861,963,963
10037,Hunting equipment,1457654400000,963,963,923,861,861,963,963
10037,Hunting equipment,1457740800000,963,963,923,861,861,963,963
10037,Hunting equipment,1457827200000,963,963,923,861,861,963,963
10037,Hunting equipment,1457913600000,963,963,923,861,861,963,963
10037,Hunting equipment,1458000000000,963,963,963,861,861,963,963
10037,Hunting equipment,1458086400000,963,963,963,861,861,963,963
10037,Hunting equipment,1458172800000,963,963,963,861,861,963,963
10037,Hunting equipment,1458259200000,963,963,963,861,861,963,963
10037,Hunting equipment,1458345600000,963,963,963,882,882,963,963
10037,Hunting equipment,1458432000000,963,963,963,882,882,963,963
10037,Hunting equipment,1458518400000,1009,963,963,882,882,963,963
10037,Hunting equipment,1458604800000,1009,1009,963,882,882,1009,1009
10037,Hunting equipment,1458691200000,1009,1009,963,882,882,1009,1009
10037,Hunting equipment,1458777600000,1009,1009,963,882,882,1009,1009
10037,Hunting equipment,1458864000000,1009,1009,963,882,882,1009,1009
10037,Hunting equipment,1458950400000,1009,1009,963,882,882,1009,1009
10037,Hunting equipment,1459036800000,1009,1009,963,882,882,1009,1009
10037,Hunting equipment,1459123200000,1009,1009,1009,882,882,1009,1009
10037,Hunting equipment,1459209600000,1009,1009,1009,923,923,1009,1009
10037,Hunting equipment,1459296000000,1009,1009,1009,923,923,1009,1009
10037,Hunting equipment,1459382400000,1009,1009,1009,923,923,1009,1009
10037,Hunting equipment,1459468800000,1009,1009,1009,923,923,1009,1009
10037,Hunting equipment,1459555200000,1009,1009,1009,923,923,1009,1009
10037,Hunting equipment,1459641600000,1056,1009,1009,923,923,1009,1009
10037,Hunting equipment,1459728000000,1056,1056,1009,923,923,1056,1056
10037,Hunting equipment,1459814400000,1056,1056,1009,923,923,1056,1056
10037,Hunting equipment,1459900800000,1056,1056,1009,923,923,1056,1056
10037,Hunting equipment,1459987200000,1056,1056,1009,963,963,1056,1056
10037,Hunting equipment,1460073600000,1056,1056,1009,963,963,1056,1056
10037,Hunting equipment,1460160000000,1056,1056,1009,963,963,1056,1056
10037,Hunting equipment,1460246400000,1056,1056,1056,963,963,1056,1056
10037,Hunting equipment,1460332800000,1056,1056,1056,963,963,1056,1056
10037,Hunting equipment,1460419200000,1056,1056,1056,963,963,1056,1056
10037,Hunting equipment,1460505600000,1056,1056,1056,963,963,1056,1056
10037,Hunting equipment,1460592000000,1106,1056,1056,963,963,1056,1056
10037,Hunting equipment,1460678400000,1106,1106,1056,963,963,1106,1106
10037,Hunting equipment,1460764800000,1106,1106,1056,963,963,1106,1106
10037,Hunting equipment,1460851200000,1106,1106,1056,963,963,1106,1106
10037,Hunting equipment,1460937600000,1106,1106,1056,963,963,1106,1106
10037,Hunting equipment,1461024000000,1106,1106,1056,963,963,1106,1106
10037,Hunting equipment,1461110400000,1106,1106,1056,1009,1009,1106,1106
10037,Hunting equipment,1461196800000,1106,1106,1106,1009,1009,1106,1106
10037,Hunting equipment,1461283200000,1106,1106,1106,1009,1009,1106,1106
10037,Hunting equipment,1461369600000,1106,1106,1106,1009,1009,1106,1106
10037,Hunting equipment,1461456000000,1106,1106,1106,1009,1009,1106,1106
10037,Hunting equipment,1461542400000,1106,1106,1106,1009,1009,1106,1106
10037,Hunting equipment,1461628800000,1160,1106,1106,1009,1009,1106,1106
10037,Hunting equipment,1461715200000,1160,1160,1106,1009,1009,1160,1160
10037,Hunting equipment,1461801600000,1160,1160,1106,1009,1009,1160,1160
10037,Hunting equipment,1461888000000,1160,1160,1106,1009,1009,1160,1160
10037,Hunting equipment,1461974400000,1160,1160,1106,1009,1009,1160,1160
10037,Hunting equipment,1462060800000,1160,1160,1106,1009,1009,1160,1160
10037,Hunting equipment,1462147200000,1160,1160,1106,1009,1009,1160,1160
10037,Hunting equipment,1462233600000,1160,1160,1160,1056,1056,1160,1160
10037,Hunting equipment,1462320000000,1160,1160,1160,1056,1056,1160,1160
10037,Hunting equipment,1462406400000,1160,1160,1160,1056,1056,1160,1160
10037,Hunting equipment,1462492800000,1160,1160,1160,1056,1056,1160,1160
10037,Hunting equipment,1462579200000,1203,1160,1160,1056,1056,1160,1160
10037,Hunting equipment,1462665600000,1203,1203,1160,1056,1056,1203,1203
10037,Hunting equipment,1462752000000,1203,1203,1160,1056,1056,1203,1203
10037,Hunting equipment,1462838400000,1203,1203,1160,1056,1056,1203,1203
10045,Hunting equipment,1449964800000,4378,4378,4446,4769,4378,4769,4769
10045,Hunting equipment,1450051200000,4378,4378,4446,4769,4378,4769,4769
10045,Hunting equipment,1450137600000,4378,4378,4446,4769,4378,4769,4769
10045,Hunting equipment,1450224000000,4378,4378,4446,4631,4378,4631,4631
10045,Hunting equipment,1450310400000,4378,4378,4446,4631,4378,4631,4631
10045,Hunting equipment,1450396800000,4186,4378,4378,4631,4378,4631,4631
10045,Hunting equipment,1450483200000,4186,4186,4378,4631,4186,4631,4631
10045,Hunting equipment,1450569600000,4186,4186,4378,4631,4186,4631,4631
10045,Hunting equipment,1450656000000,4186,4186,4378,4631,4186,4631,4631
10045,Hunting equipment,1450742400000,4186,4186,4378,4631,4186,4631,4631
10045,Hunting equipment,1450828800000,4098,4186,4378,4631,4186,4631,4631
10045,Hunting equipment,1450915200000,4098,4098,4378,4631,4098,4631,4631
10045,Hunting equipment,1451001600000,4098,4098,4186,4478,4098,4478,4478
10045,Hunting equipment,1451088000000,4098,4098,4186,4478,4098,4478,4478
10045,Hunting equipment,1451174400000,4098,4098,4186,4478,4098,4478,4478
10045,Hunting equipment,1451260800000,4098,4098,4186,4478,4098,4478,4478
10045,Hunting equipment,1451347200000,4057,4098,4186,4478,4098,4478,4478
10045,Hunting equipment,1451433600000,4057,4057,4098,4478,4057,4478,4478
10045,Hunting equipment,1451520000000,4057,4057,4098,4478,4057,4478,4478
10045,Hunting equipment,1451606400000,4057,4057,4098,4478,4057,4478,4478
10045,Hunting equipment,1451692800000,4057,4057,4098,4446,4057,4446,4446
10045,Hunting equipment,1451779200000,4057,4057,4098,4446,4057,4446,4446
10045,Hunting equipment,1451865600000,4046,4057,4098,4446,4057,4446,4446
10045,Hunting equipment,1451952000000,4046,4046,4057,4446,4046,4446,4446
10045,Hunting equipment,1452038400000,4046,4046,4057,4446,4046,4446,4446
10045,Hunting equipment,1452124800000,4046,4046,4057,4446,4046,4446,4446
10045,Hunting equipment,1452211200000,4046,4046,4057,4446,4046,4446,4446
10045,Hunting equipment,1452297600000,4046,4046,4057,4446,4046,4446,4446
10045,Hunting equipment,1452384000000,4046,4046,4057,4378,4046,4378,4378
10045,Hunting equipment,1452470400000,4126,4046,4046,4378,4046,4378,4378
10045,Hunting equipment,1452556800000,4126,4126,4046,4378,4046,4378,4378
10045,Hunting equipment,1452643200000,4126,4126,4046,4378,4046,4378,4378
10045,Hunting equipment,1452729600000,4126,4126,4046,4378,4046,4378,4378
10045,Hunting equipment,1452816000000,4126,4126,4046,4378,4046,4378,4378
10045,Hunting equipment,1452902400000,4126,4126,4046,4378,4046,4378,4378
10045,Hunting equipment,1452988800000,4126,4126,4046,4186,4046,4186,4186
10045,Hunting equipment,1453075200000,4038,4126,4126,4186,4046,4186,4186
10045,Hunting equipment,1453161600000,4038,4038,4126,4186,4038,4186,4186
10045,Hunting equipment,1453248000000,4038,4038,4126,4186,4038,4186,4186
10045,Hunting equipment,1453334400000,4038,4038,4126,4186,4038,4186,4186
10045,Hunting equipment,1453420800000,4038,4038,4126,4098,4038,4126,4126
10045,Hunting equipment,1453507200000,4038,4038,4126,4098,4038,4126,4126
10045,Hunting equipment,1453593600000,4038,4038,4126,4098,4038,4126,4126
10045,Hunting equipment,1453680000000,3914,4038,4038,4098,4038,4126,4126
10045,Hunting equipment,1453766400000,3914,3914,4038,4098,3914,4126,4126
10045,Hunting equipment,1453852800000,3914,3914,4038,4098,3914,4126,4126
10045,Hunting equipment,1453939200000,3914,3914,4038,4057,3914,4126,4126
10045,Hunting equipment,1454025600000,3914,3914,4038,4057,3914,4126,4126
10045,Hunting equipment,1454112000000,3914,3914,4038,4057,3914,4126,4126
10045,Hunting equipment,1454198400000,3914,3914,4038,4057,3914,4126,4126
10045,Hunting equipment,1454284800000,3914,3914,3914,4057,3914,4126,4126
10045,Hunting equipment,1454371200000,3914,3914,3914,4057,3914,4126,4126
10045,Hunting equipment,1454457600000,3970,3914,3914,4046,3914,4126,4126
10045,Hunting equipment,1454544000000,3970,3970,3914,4046,3914,4126,4126
10045,Hunting equipment,1454630400000,3970,3970,3914,4046,3914,4126,4126
10045,Hunting equipment,1454716800000,3970,3970,3914,4046,3914,4126,4126
10045,Hunting equipment,1454803200000,3970,3970,3914,4046,3914,4126,4126
10045,Hunting equipment,1454889600000,3970,3970,3914,4046,3914,4126,4126
10045,Hunting equipment,1454976000000,3970,3970,3914,4046,3914,4126,4126
10045,Hunting equipment,1455062400000,3970,3970,3970,4126,3914,4126,4126
10045,Hunting equipment,1455148800000,3974,3970,3970,4126,3914,4126,4126
10045,Hunting equipment,1455235200000,3974,3974,3970,4126,3914,4126,4126
10045,Hunting equipment,1455321600000,3974,3974,3970,4126,3914,4126,4126
10045,Hunting equipment,1455408000000,3974,3974,3970,4126,3914,4126,4126
10045,Hunting equipment,1455494400000,3974,3974,3970,4126,3914,4126,4126
10045,Hunting equipment,1455580800000,3974,3974,3970,4126,3914,4126,4126
10045,Hunting equipment,1455667200000,3974,3974,3970,4038,3914,4038,4038
10045,Hunting equipment,1455753600000,3974,3974,3974,4038,3914,4038,4038
10045,Hunting equipment,1455840000000,3936,3974,3974,4038,3914,4038,4038
10045,Hunting equipment,1455926400000,3936,3936,3974,4038,3914,4038,4038
10045,Hunting equipment,1456012800000,3936,3936,3974,4038,3914,4038,4038
10045,Hunting equipment,1456099200000,3936,3936,3974,4038,3914,4038,4038
10045,Hunting equipment,1456185600000,3936,3936,3974,4038,3914,4038,4038
10045,Hunting equipment,1456272000000,3936,3936,3974,3914,3914,3974,3974
10045,Hunting equipment,1456358400000,3936,3936,3974,3914,3914,3974,3974
10045,Hunting equipment,1456444800000,3936,3936,3936,3914,3914,3974,3974
10045,Hunting equipment,1456531200000,3997,3936,3936,3914,3914,3974,3974
10045,Hunting equipment,1456617600000,3997,3997,3936,3914,3914,3997,3997
10045,Hunting equipment,1456704000000,3997,3997,3936,3914,3914,3997,3997
10045,Hunting equipment,1456790400000,3997,3997,3936,3914,3914,3997,3997
10045,Hunting equipment,1456876800000,4115,3997,3936,3914,3914,3997,3997
10045,Hunting equipment,1456963200000,4115,4115,3936,3914,3914,4115,4115
10045,Hunting equipment,1457049600000,4115,4115,3936,3970,3936,4115,4115
10045,Hunting equipment,1457136000000,4115,4115,3997,3970,3936,4115,4115
10045,Hunting equipment,1457222400000,4115,4115,3997,3970,3936,4115,4115
10045,Hunting equipment,1457308800000,4115,4115,3997,3970,3936,4115,4115
10045,Hunting equipment,1457395200000,4115,4115,3997,3970,3936,4115,4115
10045,Hunting equipment,1457481600000,4144,4115,4115,3970,3936,4115,4115
10045,Hunting equipment,1457568000000,4144,4144,4115,3970,3936,4144,4144
10045,Hunting equipment,1457654400000,4144,4144,4115,3970,3936,4144,4144
10045,Hunting equipment,1457740800000,4144,4144,4115,3974,3936,4144,4144
10045,Hunting equipment,1457827200000,4144,4144,4115,3974,3936,4144,4144
10045,Hunting equipment,1457913600000,4144,4144,4115,3974,3936,4144,4144
10045,Hunting equipment,1458000000000,4144,4144,4115,3974,3936,4144,4144
10045,Hunting equipment,1458086400000,4144,4144,4144,3974,3936,4144,4144
10045,Hunting equipment,1458172800000,4144,4144,4144,3974,3936,4144,4144
10045,Hunting equipment,1458259200000,4063,4144,4144,3974,3936,4144,4144
10045,Hunting equipment,1458345600000,4063,4063,4144,3974,3936,4144,4144
10045,Hunting equipment,1458432000000,4063,4063,4144,3936,3936,4144,4144
10045,Hunting equipment,1458518400000,4063,4063,4144,3936,3936,4144,4144
10045,Hunting equipment,1458604800000,4063,4063,4144,3936,3936,4144,4144
10045,Hunting equipment,1458691200000,4063,4063,4144,3936,3936,4144,4144
10045,Hunting equipment,1458777600000,4063,4063,4144,3936,3936,4144,4144
10045,Hunting equipment,1458864000000,4063,4063,4063,3936,3936,4144,4144
10045,Hunting equipment,1458950400000,4030,4063,4063,3936,3936,4144,4144
10045,Hunting equipment,1459036800000,4030,4030,4063,3936,3936,4144,4144
10045,Hunting equipment,1459123200000,4030,4030,4063,3997,3997,4144,4144
10045,Hunting equipment,1459209600000,4030,4030,4063,3997,3997,4144,4144
10045,Hunting equipment,1459296000000,4030,4030,4063,3997,3997,4144,4144
10045,Hunting equipment,1459382400000,4030,4030,4063,3997,3997,4144,4144
10045,Hunting equipment,1459468800000,4030,4030,4063,4115,4030,4144,4144
10045,Hunting equipment,1459555200000,4030,4030,4030,4115,4030,4144,4144
10045,Hunting equipment,1459641600000,4030,4030,4030,4115,4030,4144,4144
10045,Hunting equipment,1459728000000,3985,4030,4030,4115,4030,4144,4144
10045,Hunting equipment,1459814400000,3985,3985,4030,4115,3985,4144,4144
10045,Hunting equipment,1459900800000,3985,3985,4030,4115,3985,4144,4144
10045,Hunting equipment,1459987200000,3985,3985,4030,4115,3985,4144,4144
10045,Hunting equipment,1460073600000,3985,3985,4030,4144,3985,4144,4144
10045,Hunting equipment,1460160000000,3985,3985,4030,4144,3985,4144,4144
10045,Hunting equipment,1460246400000,3985,3985,4030,4144,3985,4144,4144
10045,Hunting equipment,1460332800000,3985,3985,3985,4144,3985,4144,4144
10045,Hunting equipment,1460419200000,3985,3985,3985,4144,3985,4144,4144
10045,Hunting equipment,1460505600000,4005,3985,3985,4144,3985,4144,4144
10045,Hunting equipment,1460592000000,4005,4005,3985,4144,3985,4144,4144
10045,Hunting equipment,1460678400000,4005,4005,3985,4144,3985,4144,4144
10045,Hunting equipment,1460764800000,4005,4005,3985,4144,3985,4144,4144
10045,Hunting equipment,1460851200000,4005,4005,3985,4063,3985,4063,4063
10045,Hunting equipment,1460937600000,4005,4005,3985,4063,3985,4063,4063
10045,Hunting equipment,1461024000000,4005,4005,3985,4063,3985,4063,4063
10045,Hunting equipment,1461110400000,4005,4005,4005,4063,3985,4063,4063
10045,Hunting equipment,1461196800000,4005,4005,4005,4063,3985,4063,4063
10045,Hunting equipment,1461283200000,3976,4005,4005,4063,3985,4063,4063
10045,Hunting equipment,1461369600000,3976,3976,4005,4063,3976,4063,4063
10045,Hunting equipment,1461456000000,3976,3976,4005,4063,3976,4063,4063
10045,Hunting equipment,1461542400000,3976,3976,4005,4030,3976,4030,4030
10045,Hunting equipment,1461628800000,3976,3976,4005,4030,3976,4030,4030
10045,Hunting equipment,1461715200000,3976,3976,4005,4030,3976,4030,4030
10045,Hunting equipment,1461801600000,3976,3976,4005,4030,3976,4030,4030
10045,Hunting equipment,1461888000000,3976,3976,3976,4030,3976,4030,4030
10045,Hunting equipment,1461974400000,3976,3976,3976,4030,3976,4030,4030
10045,Hunting equipment,1462060800000,4018,3976,3976,4030,3976,4030,4030
10045,Hunting equipment,1462147200000,4018,4018,3976,4030,3976,4030,4030
10045,Hunting equipment,1462233600000,4018,4018,3976,4030,3976,4030,4030
10045,Hunting equipment,1462320000000,4018,4018,3976,3985,3976,4018,4018
10045,Hunting equipment,1462406400000,4018,4018,3976,3985,3976,4018,4018
10045,Hunting equipment,1462492800000,4018,4018,3976,3985,3976,4018,4018
10045,Hunting equipment,1462579200000,4018,4018,3976,3985,3976,4018,4018
10045,Hunting equipment,1462665600000,4018,4018,4018,3985,3976,4018,4018
10045,Hunting equipment,1462752000000,4018,4018,4018,3985,3976,4018,4018
10045,Hunting equipment,1462838400000,4018,4018,4018,3985,3976,4018,4018
10041,Hunting equipment,1449964800000,1005,1005,1052,1183,1005,1183,1183
10041,Hunting equipment,1450051200000,1005,1005,1052,1183,1005,1183,1183
10041,Hunting equipment,1450137600000,966,1005,1052,1183,1005,1183,1183
10041,Hunting equipment,1450224000000,966,966,1005,1139,966,1139,1139
10041,Hunting equipment,1450310400000,966,966,1005,1139,966,1139,1139
10041,Hunting equipment,1450396800000,966,966,1005,1139,966,1139,1139
10041,Hunting equipment,1450483200000,966,966,1005,1139,966,1139,1139
10041,Hunting equipment,1450569600000,966,966,1005,1139,966,1139,1139
10041,Hunting equipment,1450656000000,925,966,1005,1139,966,1139,1139
10041,Hunting equipment,1450742400000,925,925,966,1139,925,1139,1139
10041,Hunting equipment,1450828800000,925,925,966,1139,925,1139,1139
10041,Hunting equipment,1450915200000,925,925,966,1090,925,1090,1090
10041,Hunting equipment,1451001600000,925,925,966,1090,925,1090,1090
10041,Hunting equipment,1451088000000,892,925,966,1090,925,1090,1090
10041,Hunting equipment,1451174400000,892,892,966,1090,892,1090,1090
10041,Hunting equipment,1451260800000,892,892,925,1090,892,1090,1090
10041,Hunting equipment,1451347200000,892,892,925,1090,892,1090,1090
10041,Hunting equipment,1451433600000,892,892,925,1090,892,1090,1090
10041,Hunting equipment,1451520000000,892,892,925,1090,892,1090,1090
10041,Hunting equipment,1451606400000,871,892,925,1052,892,1052,1052
10041,Hunting equipment,1451692800000,871,871,892,1052,871,1052,1052
10041,Hunting equipment,1451779200000,871,871,892,1052,871,1052,1052
10041,Hunting equipment,1451865600000,871,871,892,1052,871,1052,1052
10041,Hunting equipment,1451952000000,871,871,892,1052,871,1052,1052
10041,Hunting equipment,1452038400000,871,871,892,1052,871,1052,1052
10041,Hunting equipment,1452124800000,840,871,892,1052,871,1052,1052
10041,Hunting equipment,1452211200000,840,840,871,1005,840,1005,1005
10041,Hunting equipment,1452297600000,840,840,871,1005,840,1005,1005
10041,Hunting equipment,1452384000000,840,840,871,1005,840,1005,1005
10041,Hunting equipment,1452470400000,840,840,871,1005,840,1005,1005
10041,Hunting equipment,1452556800000,840,840,871,1005,840,1005,1005
10041,Hunting equipment,1452643200000,840,840,871,1005,840,1005,1005
10041,Hunting equipment,1452729600000,835,840,840,966,840,966,966
10041,Hunting equipment,1452816000000,835,835,840,966,835,966,966
10041,Hunting equipment,1452902400000,835,835,840,966,835,966,966
10041,Hunting equipment,1452988800000,835,835,840,966,835,966,966
10041,Hunting equipment,1453075200000,835,835,840,966,835,966,966
10041,Hunting equipment,1453161600000,835,835,840,966,835,966,966
10041,Hunting equipment,1453248000000,813,835,840,925,835,925,925
10041,Hunting equipment,1453334400000,813,813,835,925,813,925,925
10041,Hunting equipment,1453420800000,813,813,835,925,813,925,925
10041,Hunting equipment,1453507200000,813,813,835,925,813,925,925
10041,Hunting equipment,1453593600000,813,813,835,925,813,925,925
10041,Hunting equipment,1453680000000,813,813,835,892,813,892,892
10041,Hunting equipment,1453766400000,813,813,835,892,813,892,892
10041,Hunting equipment,1453852800000,826,813,813,892,813,892,892
10041,Hunting equipment,1453939200000,826,826,813,892,813,892,892
10041,Hunting equipment,1454025600000,826,826,813,892,813,892,892
10041,Hunting equipment,1454112000000,826,826,813,892,813,892,892
10041,Hunting equipment,1454198400000,826,826,813,871,813,871,871
10041,Hunting equipment,1454284800000,826,826,813,871,813,871,871
10041,Hunting equipment,1454371200000,826,826,813,871,813,871,871
10041,Hunting equipment,1454457600000,826,826,826,871,813,871,871
10041,Hunting equipment,1454544000000,826,826,826,871,813,871,871
10041,Hunting equipment,1454630400000,826,826,826,871,813,871,871
10041,Hunting equipment,1454716800000,837,826,826,840,813,840,840
10041,Hunting equipment,1454803200000,837,837,826,840,813,840,840
10041,Hunting equipment,1454889600000,837,837,826,840,813,840,840
10041,Hunting equipment,1454976000000,837,837,826,840,813,840,840
10041,Hunting equipment,1455062400000,837,837,826,840,813,840,840
10041,Hunting equipment,1455148800000,837,837,826,840,813,840,840
10041,Hunting equipment,1455235200000,837,837,826,840,813,840,840
10041,Hunting equipment,1455321600000,837,837,837,835,813,837,837
10041,Hunting equipment,1455408000000,837,837,837,835,813,837,837
10041,Hunting equipment,1455494400000,802,837,837,835,813,837,837
10041,Hunting equipment,1455580800000,802,802,837,835,802,837,837
10041,Hunting equipment,1455667200000,802,802,837,835,802,837,837
10041,Hunting equipment,1455753600000,802,802,837,835,802,837,837
10041,Hunting equipment,1455840000000,802,802,837,813,802,837,837
10041,Hunting equipment,1455926400000,802,802,837,813,802,837,837
10041,Hunting equipment,1456012800000,802,802,837,813,802,837,837
10041,Hunting equipment,1456099200000,802,802,802,813,802,837,837
10041,Hunting equipment,1456185600000,766,802,802,813,802,837,837
10041,Hunting equipment,1456272000000,766,766,802,813,766,837,837
10041,Hunting equipment,1456358400000,766,766,802,813,766,837,837
10041,Hunting equipment,1456444800000,766,766,802,826,766,837,837
10041,Hunting equipment,1456531200000,766,766,802,826,766,837,837
10041,Hunting equipment,1456617600000,759,766,802,826,766,837,837
10041,Hunting equipment,1456704000000,759,759,802,826,759,837,837
10041,Hunting equipment,1456790400000,759,759,766,826,759,837,837
10041,Hunting equipment,1456876800000,759,759,766,826,759,837,837
10041,Hunting equipment,1456963200000,759,759,766,826,759,837,837
10041,Hunting equipment,1457049600000,759,759,766,826,759,837,837
10041,Hunting equipment,1457136000000,759,759,766,826,759,837,837
10041,Hunting equipment,1457222400000,743,759,759,826,759,837,837
10041,Hunting equipment,1457308800000,743,743,759,837,743,837,837
10041,Hunting equipment,1457395200000,743,743,759,837,743,837,837
10041,Hunting equipment,1457481600000,743,743,759,837,743,837,837
10041,Hunting equipment,1457568000000,743,743,759,837,743,837,837
10041,Hunting equipment,1457654400000,743,743,759,837,743,837,837
10041,Hunting equipment,1457740800000,743,743,759,837,743,837,837
10041,Hunting equipment,1457827200000,743,743,743,837,743,837,837
10041,Hunting equipment,1457913600000,743,743,743,837,743,837,837
10041,Hunting equipment,1458000000000,722,743,743,837,743,837,837
10041,Hunting equipment,1458086400000,722,722,743,802,722,802,802
10041,Hunting equipment,1458172800000,722,722,743,802,722,802,802
10041,Hunting equipment,1458259200000,722,722,743,802,722,802,802
10041,Hunting equipment,1458345600000,722,722,743,802,722,802,802
10041,Hunting equipment,1458432000000,722,722,743,802,722,802,802
10041,Hunting equipment,1458518400000,722,722,743,802,722,802,802
10041,Hunting equipment,1458604800000,722,722,722,802,722,802,802
10041,Hunting equipment,1458691200000,722,722,722,802,722,802,802
10041,Hunting equipment,1458777600000,712,722,722,766,722,766,766
10041,Hunting equipment,1458864000000,712,712,722,766,712,766,766
10041,Hunting equipment,1458950400000,712,712,722,766,712,766,766
10041,Hunting equipment,1459036800000,712,712,722,766,712,766,766
10041,Hunting equipment,1459123200000,712,712,722,766,712,766,766
10041,Hunting equipment,1459209600000,712,712,722,759,712,759,759
10041,Hunting equipment,1459296000000,712,712,722,759,712,759,759
10041,Hunting equipment,1459382400000,712,712,712,759,712,759,759
10041,Hunting equipment,1459468800000,712,712,712,759,712,759,759
10041,Hunting equipment,1459555200000,736,712,712,759,712,759,759
10041,Hunting equipment,1459641600000,736,736,712,759,712,759,759
10041,Hunting equipment,1459728000000,736,736,712,759,712,759,759
10041,Hunting equipment,1459814400000,736,736,712,743,712,743,743
10041,Hunting equipment,1459900800000,736,736,712,743,712,743,743
10041,Hunting equipment,1459987200000,736,736,712,743,712,743,743
10041,Hunting equipment,1460073600000,736,736,712,743,712,743,743
10041,Hunting equipment,1460160000000,736,736,736,743,712,743,743
10041,Hunting equipment,1460246400000,736,736,736,743,712,743,743
10041,Hunting equipment,1460332800000,736,736,736,743,712,743,743
10041,Hunting equipment,1460419200000,773,736,736,743,712,743,743
10041,Hunting equipment,1460505600000,773,773,736,743,712,773,773
10041,Hunting equipment,1460592000000,773,773,736,722,712,773,773
10041,Hunting equipment,1460678400000,773,773,736,722,712,773,773
10041,Hunting equipment,1460764800000,773,773,736,722,712,773,773
10041,Hunting equipment,1460851200000,773,773,736,722,712,773,773
10041,Hunting equipment,1460937600000,773,773,736,722,712,773,773
10041,Hunting equipment,1461024000000,773,773,773,722,712,773,773
10041,Hunting equipment,1461110400000,773,773,773,722,712,773,773
10041,Hunting equipment,1461196800000,773,773,773,722,712,773,773
10041,Hunting equipment,1461283200000,812,773,773,722,712,773,773
10041,Hunting equipment,1461369600000,812,812,773,712,712,812,812
10041,Hunting equipment,1461456000000,812,812,773,712,712,812,812
10041,Hunting equipment,1461542400000,812,812,773,712,712,812,812
10041,Hunting equipment,1461628800000,812,812,773,712,712,812,812
10041,Hunting equipment,1461715200000,812,812,773,712,712,812,812
10041,Hunting equipment,1461801600000,812,812,773,712,712,812,812
10041,Hunting equipment,1461888000000,812,812,812,712,712,812,812
10041,Hunting equipment,1461974400000,812,812,812,712,712,812,812
10041,Hunting equipment,1462060800000,848,812,812,712,712,812,812
10041,Hunting equipment,1462147200000,848,848,812,736,736,848,848
10041,Hunting equipment,1462233600000,848,848,812,736,736,848,848
10041,Hunting equipment,1462320000000,848,848,812,736,736,848,848
10041,Hunting equipment,1462406400000,848,848,812,736,736,848,848
10041,Hunting equipment,1462492800000,848,848,812,736,736,848,848
10041,Hunting equipment,1462579200000,848,848,812,736,736,848,848
10041,Hunting equipment,1462665600000,848,848,848,736,736,848,848
10041,Hunting equipment,1462752000000,848,848,848,736,736,848,848
10041,Hunting equipment,1462838400000,848,848,848,736,736,848,848
10043,Hunting equipment,1449964800000,1002,1002,1017,1076,1002,1076,1076
10043,Hunting equipment,1450051200000,1002,1002,1017,1076,1002,1076,1076
10043,Hunting equipment,1450137600000,1002,1002,1017,1064,1002,1064,1064
10043,Hunting equipment,1450224000000,1002,1002,1017,1064,1002,1064,1064
10043,Hunting equipment,1450310400000,1013,1002,1002,1064,1002,1064,1064
10043,Hunting equipment,1450396800000,1013,1013,1002,1064,1002,1064,1064
10043,Hunting equipment,1450483200000,1013,1013,1002,1064,1002,1064,1064
10043,Hunting equipment,1450569600000,1013,1013,1002,1064,1002,1064,1064
10043,Hunting equipment,1450656000000,1013,1013,1002,1064,1002,1064,1064
10043,Hunting equipment,1450742400000,1013,1013,1002,1064,1002,1064,1064
10043,Hunting equipment,1450828800000,1064,1013,1002,1023,1002,1023,1023
10043,Hunting equipment,1450915200000,1064,1064,1013,1023,1002,1064,1064
10043,Hunting equipment,1451001600000,1064,1064,1013,1023,1002,1064,1064
10043,Hunting equipment,1451088000000,1064,1064,1013,1023,1002,1064,1064
10043,Hunting equipment,1451174400000,1064,1064,1013,1023,1002,1064,1064
10043,Hunting equipment,1451260800000,1064,1064,1013,1023,1002,1064,1064
10043,Hunting equipment,1451347200000,1117,1064,1013,1023,1002,1064,1064
10043,Hunting equipment,1451433600000,1117,1117,1064,1023,1002,1117,1117
10043,Hunting equipment,1451520000000,1117,1117,1064,1023,1002,1117,1117
10043,Hunting equipment,1451606400000,1117,1117,1064,1017,1002,1117,1117
10043,Hunting equipment,1451692800000,1117,1117,1064,1017,1002,1117,1117
10043,Hunting equipment,1451779200000,1117,1117,1064,1017,1002,1117,1117
10043,Hunting equipment,1451865600000,1171,1117,1064,1017,1002,1117,1117
10043,Hunting equipment,1451952000000,1171,1171,1117,1017,1002,1171,1171
10043,Hunting equipment,1452038400000,1171,1171,1117,1017,1002,1171,1171
10043,Hunting equipment,1452124800000,1171,1171,1117,1017,1002,1171,1171
10043,Hunting equipment,1452211200000,1171,1171,1117,1017,1002,1171,1171
10043,Hunting equipment,1452297600000,1171,1171,1117,1002,1002,1171,1171
10043,Hunting equipment,1452384000000,1171,1171,1117,1002,1002,1171,1171
10043,Hunting equipment,1452470400000,1157,1171,1171,1002,1002,1171,1171
10043,Hunting equipment,1452556800000,1157,1157,1171,1002,1002,1171,1171
10043,Hunting equipment,1452643200000,1157,1157,1171,1002,1002,1171,1171
10043,Hunting equipment,1452729600000,1157,1157,1171,1002,1002,1171,1171
10043,Hunting equipment,1452816000000,1157,1157,1171,1002,1002,1171,1171
10043,Hunting equipment,1452902400000,1157,1157,1171,1013,1013,1171,1171
10043,Hunting equipment,1452988800000,1157,1157,1171,1013,1013,1171,1171
10043,Hunting equipment,1453075200000,1173,1157,1157,1013,1013,1171,1171
10043,Hunting equipment,1453161600000,1173,1173,1157,1013,1013,1173,1173
10043,Hunting equipment,1453248000000,1173,1173,1157,1013,1013,1173,1173
10043,Hunting equipment,1453334400000,1173,1173,1157,1013,1013,1173,1173
10043,Hunting equipment,1453420800000,1173,1173,1157,1064,1064,1173,1173
10043,Hunting equipment,1453507200000,1173,1173,1157,1064,1064,1173,1173
10043,Hunting equipment,1453593600000,1173,1173,1157,1064,1064,1173,1173
10043,Hunting equipment,1453680000000,1232,1173,1173,1064,1064,1173,1173
10043,Hunting equipment,1453766400000,1232,1232,1173,1064,1064,1232,1232
10043,Hunting equipment,1453852800000,1232,1232,1173,1064,1064,1232,1232
10043,Hunting equipment,1453939200000,1232,1232,1173,1117,1117,1232,1232
10043,Hunting equipment,1454025600000,1232,1232,1173,1117,1117,1232,1232
10043,Hunting equipment,1454112000000,1232,1232,1173,1117,1117,1232,1232
10043,Hunting equipment,1454198400000,1232,1232,1173,1117,1117,1232,1232
10043,Hunting equipment,1454284800000,1232,1232,1232,1117,1117,1232,1232
10043,Hunting equipment,1454371200000,1232,1232,1232,1117,1117,1232,1232
10043,Hunting equipment,1454457600000,1294,1232,1232,1171,1157,1232,1232
10043,Hunting equipment,1454544000000,1294,1294,1232,1171,1157,1294,1294
10043,Hunting equipment,1454630400000,1294,1294,1232,1171,1157,1294,1294
10043,Hunting equipment,1454716800000,1294,1294,1232,1171,1157,1294,1294
10043,Hunting equipment,1454803200000,1294,1294,1232,1171,1157,1294,1294
10043,Hunting equipment,1454889600000,1294,1294,1232,1171,1157,1294,1294
10043,Hunting equipment,1454976000000,1294,1294,1232,1171,1157,1294,1294
10043,Hunting equipment,1455062400000,1294,1294,1294,1157,1157,1294,1294
10043,Hunting equipment,1455148800000,1358,1294,1294,1157,1157,1294,1294
10043,Hunting equipment,1455235200000,1358,1358,1294,1157,1157,1358,1358
10043,Hunting equipment,1455321600000,1358,1358,1294,1157,1157,1358,1358
10043,Hunting equipment,1455408000000,1358,1358,1294,1157,1157,1358,1358
10043,Hunting equipment,1455494400000,1358,1358,1294,1157,1157,1358,1358
10043,Hunting equipment,1455580800000,1358,1358,1294,1157,1157,1358,1358
10043,Hunting equipment,1455667200000,1358,1358,1294,1173,1173,1358,1358
10043,Hunting equipment,1455753600000,1358,1358,1358,1173,1173,1358,1358
10043,Hunting equipment,1455840000000,1370,1358,1358,1173,1173,1358,1358
10043,Hunting equipment,1455926400000,1370,1370,1358,1173,1173,1370,1370
10043,Hunting equipment,1456012800000,1370,1370,1358,1173,1173,1370,1370
10043,Hunting equipment,1456099200000,1370,1370,1358,1173,1173,1370,1370
10043,Hunting equipment,1456185600000,1370,1370,1358,1173,1173,1370,1370
10043,Hunting equipment,1456272000000,1370,1370,1358,1232,1232,1370,1370
10043,Hunting equipment,1456358400000,1370,1370,1358,1232,1232,1370,1370
10043,Hunting equipment,1456444800000,1370,1370,1370,1232,1232,1370,1370
10043,Hunting equipment,1456531200000,1391,1370,1370,1232,1232,1370,1370
10043,Hunting equipment,1456617600000,1391,1391,1370,1232,1232,1391,1391
10043,Hunting equipment,1456704000000,1391,1391,1370,1232,1232,1391,1391
10043,Hunting equipment,1456790400000,1391,1391,1370,1232,1232,1391,1391
10043,Hunting equipment,1456876800000,1419,1391,1370,1232,1232,1391,1391
10043,Hunting equipment,1456963200000,1419,1419,1370,1232,1232,1419,1419
10043,Hunting equipment,1457049600000,1419,1419,1370,1294,1294,1419,1419
10043,Hunting equipment,1457136000000,1419,1419,1391,1294,1294,1419,1419
10043,Hunting equipment,1457222400000,1419,1419,1391,1294,1294,1419,1419
10043,Hunting equipment,1457308800000,1419,1419,1391,1294,1294,1419,1419
10043,Hunting equipment,1457395200000,1419,1419,1391,1294,1294,1419,1419
10043,Hunting equipment,1457481600000,1374,1419,1419,1294,1294,1419,1419
10043,Hunting equipment,1457568000000,1374,1374,1419,1294,1294,1419,1419
10043,Hunting equipment,1457654400000,1374,1374,1419,1294,1294,1419,1419
10043,Hunting equipment,1457740800000,1374,1374,1419,1358,1358,1419,1419
10043,Hunting equipment,1457827200000,1374,1374,1419,1358,1358,1419,1419
10043,Hunting equipment,1457913600000,1374,1374,1419,1358,1358,1419,1419
10043,Hunting equipment,1458000000000,1374,1374,1419,1358,1358,1419,1419
10043,Hunting equipment,1458086400000,1374,1374,1374,1358,1358,1419,1419
10043,Hunting equipment,1458172800000,1374,1374,1374,1358,1358,1419,1419
10043,Hunting equipment,1458259200000,1336,1374,1374,1358,1358,1419,1419
10043,Hunting equipment,1458345600000,1336,1336,1374,1358,1336,1419,1419
10043,Hunting equipment,1458432000000,1336,1336,1374,1370,1336,1419,1419
10043,Hunting equipment,1458518400000,1336,1336,1374,1370,1336,1419,1419
10043,Hunting equipment,1458604800000,1336,1336,1374,1370,1336,1419,1419
10043,Hunting equipment,1458691200000,1336,1336,1374,1370,1336,1419,1419
10043,Hunting equipment,1458777600000,1336,1336,1374,1370,1336,1419,1419
10043,Hunting equipment,1458864000000,1336,1336,1336,1370,1336,1419,1419
10043,Hunting equipment,1458950400000,1299,1336,1336,1370,1336,1419,1419
10043,Hunting equipment,1459036800000,1299,1299,1336,1370,1299,1419,1419
10043,Hunting equipment,1459123200000,1299,1299,1336,1391,1299,1419,1419
10043,Hunting equipment,1459209600000,1299,1299,1336,1391,1299,1419,1419
10043,Hunting equipment,1459296000000,1299,1299,1336,1391,1299,1419,1419
10043,Hunting equipment,1459382400000,1299,1299,1336,1391,1299,1419,1419
10043,Hunting equipment,1459468800000,1299,1299,1336,1419,1299,1419,1419
10043,Hunting equipment,1459555200000,1299,1299,1299,1419,1299,1419,1419
10043,Hunting equipment,1459641600000,1299,1299,1299,1419,1299,1419,1419
10043,Hunting equipment,1459728000000,1294,1299,1299,1419,1299,1419,1419
10043,Hunting equipment,1459814400000,1294,1294,1299,1419,1294,1419,1419
10043,Hunting equipment,1459900800000,1294,1294,1299,1419,1294,1419,1419
10043,Hunting equipment,1459987200000,1294,1294,1299,1419,1294,1419,1419
10043,Hunting equipment,1460073600000,1294,1294,1299,1374,1294,1374,1374
10043,Hunting equipment,1460160000000,1294,1294,1299,1374,1294,1374,1374
10043,Hunting equipment,1460246400000,1294,1294,1299,1374,1294,1374,1374
10043,Hunting equipment,1460332800000,1294,1294,1294,1374,1294,1374,1374
10043,Hunting equipment,1460419200000,1294,1294,1294,1374,1294,1374,1374
10043,Hunting equipment,1460505600000,1294,1294,1294,1374,1294,1374,1374
10043,Hunting equipment,1460592000000,1278,1294,1294,1374,1294,1374,1374
10043,Hunting equipment,1460678400000,1278,1278,1294,1374,1278,1374,1374
10043,Hunting equipment,1460764800000,1278,1278,1294,1374,1278,1374,1374
10043,Hunting equipment,1460851200000,1278,1278,1294,1336,1278,1336,1336
10043,Hunting equipment,1460937600000,1278,1278,1294,1336,1278,1336,1336
10043,Hunting equipment,1461024000000,1278,1278,1294,1336,1278,1336,1336
10043,Hunting equipment,1461110400000,1278,1278,1294,1336,1278,1336,1336
10043,Hunting equipment,1461196800000,1278,1278,1278,1336,1278,1336,1336
10043,Hunting equipment,1461283200000,1278,1278,1278,1336,1278,1336,1336
10043,Hunting equipment,1461369600000,1278,1278,1278,1336,1278,1336,1336
10043,Hunting equipment,1461456000000,1281,1278,1278,1336,1278,1336,1336
10043,Hunting equipment,1461542400000,1281,1281,1278,1299,1278,1299,1299
10043,Hunting equipment,1461628800000,1281,1281,1278,1299,1278,1299,1299
10043,Hunting equipment,1461715200000,1281,1281,1278,1299,1278,1299,1299
10043,Hunting equipment,1461801600000,1281,1281,1278,1299,1278,1299,1299
10043,Hunting equipment,1461888000000,1281,1281,1278,1299,1278,1299,1299
10043,Hunting equipment,1461974400000,1281,1281,1278,1299,1278,1299,1299
10043,Hunting equipment,1462060800000,1281,1281,1281,1299,1278,1299,1299
10043,Hunting equipment,1462147200000,1251,1281,1281,1299,1278,1299,1299
10043,Hunting equipment,1462233600000,1251,1251,1281,1299,1251,1299,1299
10043,Hunting equipment,1462320000000,1251,1251,1281,1294,1251,1294,1294
10043,Hunting equipment,1462406400000,1251,1251,1281,1294,1251,1294,1294
10043,Hunting equipment,1462492800000,1251,1251,1281,1294,1251,1294,1294
10043,Hunting equipment,1462579200000,1251,1251,1281,1294,1251,1294,1294
10043,Hunting equipment,1462665600000,1251,1251,1281,1294,1251,1294,1294
10043,Hunting equipment,1462752000000,1251,1251,1251,1294,1251,1294,1294
10043,Hunting equipment,1462838400000,1251,1251,1251,1294,1251,1294,1294
10025,Hunting equipment,1449964800000,762,762,762,760,760,766,766
10025,Hunting equipment,1450051200000,750,762,762,760,760,766,766
10025,Hunting equipment,1450137600000,750,750,762,766,750,766,766
10025,Hunting equipment,1450224000000,750,750,762,766,750,766,766
10025,Hunting equipment,1450310400000,750,750,762,766,750,766,766
10025,Hunting equipment,1450396800000,750,750,762,766,750,766,766
10025,Hunting equipment,1450483200000,750,750,762,766,750,766,766
10025,Hunting equipment,1450569600000,750,750,762,766,750,766,766
10025,Hunting equipment,1450656000000,750,750,750,766,750,766,766
10025,Hunting equipment,1450742400000,750,750,750,766,750,766,766
10025,Hunting equipment,1450828800000,750,750,750,766,750,766,766
10025,Hunting equipment,1450915200000,750,750,750,766,750,766,766
10025,Hunting equipment,1451001600000,750,750,750,766,750,766,766
10025,Hunting equipment,1451088000000,750,750,750,766,750,766,766
10025,Hunting equipment,1451174400000,750,750,750,766,750,766,766
10025,Hunting equipment,1451260800000,747,750,750,766,750,766,766
10025,Hunting equipment,1451347200000,747,747,750,766,747,766,766
10025,Hunting equipment,1451433600000,747,747,750,762,747,762,762
10025,Hunting equipment,1451520000000,747,747,750,762,747,762,762
10025,Hunting equipment,1451606400000,747,747,750,762,747,762,762
10025,Hunting equipment,1451692800000,747,747,750,762,747,762,762
10025,Hunting equipment,1451779200000,747,747,750,762,747,762,762
10025,Hunting equipment,1451865600000,747,747,747,762,747,762,762
10025,Hunting equipment,1451952000000,747,747,747,762,747,762,762
10025,Hunting equipment,1452038400000,747,747,747,762,747,762,762
10025,Hunting equipment,1452124800000,747,747,747,762,747,762,762
10025,Hunting equipment,1452211200000,747,747,747,762,747,762,762
10025,Hunting equipment,1452297600000,731,747,747,762,747,762,762
10025,Hunting equipment,1452384000000,731,731,747,762,731,762,762
10025,Hunting equipment,1452470400000,731,731,747,762,731,762,762
10025,Hunting equipment,1452556800000,731,731,747,762,731,762,762
10025,Hunting equipment,1452643200000,731,731,747,750,731,750,750
10025,Hunting equipment,1452729600000,731,731,747,750,731,750,750
10025,Hunting equipment,1452816000000,731,731,747,750,731,750,750
10025,Hunting equipment,1452902400000,731,731,731,750,731,750,750
10025,Hunting equipment,1452988800000,731,731,731,750,731,750,750
10025,Hunting equipment,1453075200000,731,731,731,750,731,750,750
10025,Hunting equipment,1453161600000,731,731,731,750,731,750,750
10025,Hunting equipment,1453248000000,711,731,731,750,731,750,750
10025,Hunting equipment,1453334400000,711,711,731,750,711,750,750
10025,Hunting equipment,1453420800000,711,711,731,750,711,750,750
10025,Hunting equipment,1453507200000,711,711,731,750,711,750,750
10025,Hunting equipment,1453593600000,711,711,731,750,711,750,750
10025,Hunting equipment,1453680000000,711,711,731,750,711,750,750
10025,Hunting equipment,1453766400000,711,711,731,750,711,750,750
10025,Hunting equipment,1453852800000,711,711,711,747,711,747,747
10025,Hunting equipment,1453939200000,711,711,711,747,711,747,747
10025,Hunting equipment,1454025600000,711,711,711,747,711,747,747
10025,Hunting equipment,1454112000000,711,711,711,747,711,747,747
10025,Hunting equipment,1454198400000,711,711,711,747,711,747,747
10025,Hunting equipment,1454284800000,709,711,711,747,711,747,747
10025,Hunting equipment,1454371200000,709,709,711,747,709,747,747
10025,Hunting equipment,1454457600000,709,709,711,747,709,747,747
10025,Hunting equipment,1454544000000,709,709,711,747,709,747,747
10025,Hunting equipment,1454630400000,709,709,711,747,709,747,747
10025,Hunting equipment,1454716800000,709,709,711,747,709,747,747
10025,Hunting equipment,1454803200000,709,709,711,747,709,747,747
10025,Hunting equipment,1454889600000,709,709,709,731,709,731,731
10025,Hunting equipment,1454976000000,709,709,709,731,709,731,731
10025,Hunting equipment,1455062400000,709,709,709,731,709,731,731
10025,Hunting equipment,1455148800000,709,709,709,731,709,731,731
10025,Hunting equipment,1455235200000,709,709,709,731,709,731,731
10025,Hunting equipment,1455321600000,709,709,709,731,709,731,731
10025,Hunting equipment,1455408000000,709,709,709,731,709,731,731
10025,Hunting equipment,1455494400000,713,709,709,731,709,731,731
10025,Hunting equipment,1455580800000,713,713,709,731,709,731,731
10025,Hunting equipment,1455667200000,713,713,709,731,709,731,731
10025,Hunting equipment,1455753600000,713,713,709,731,709,731,731
10025,Hunting equipment,1455840000000,713,713,709,711,709,713,713
10025,Hunting equipment,1455926400000,713,713,709,711,709,713,713
10025,Hunting equipment,1456012800000,713,713,709,711,709,713,713
10025,Hunting equipment,1456099200000,713,713,713,711,709,713,713
10025,Hunting equipment,1456185600000,713,713,713,711,709,713,713
10025,Hunting equipment,1456272000000,713,713,713,711,709,713,713
10025,Hunting equipment,1456358400000,713,713,713,711,709,713,713
10025,Hunting equipment,1456444800000,713,713,713,711,709,713,713
10025,Hunting equipment,1456531200000,713,713,713,711,709,713,713
10025,Hunting equipment,1456617600000,713,713,713,711,709,713,713
10025,Hunting equipment,1456704000000,727,713,713,711,709,713,713
10025,Hunting equipment,1456790400000,727,727,713,711,709,727,727
10025,Hunting equipment,1456876800000,727,727,713,709,709,727,727
10025,Hunting equipment,1456963200000,727,727,713,709,709,727,727
10025,Hunting equipment,1457049600000,727,727,713,709,709,727,727
10025,Hunting equipment,1457136000000,727,727,713,709,709,727,727
10025,Hunting equipment,1457222400000,727,727,713,709,709,727,727
10025,Hunting equipment,1457308800000,727,727,727,709,709,727,727
10025,Hunting equipment,1457395200000,727,727,727,709,709,727,727
10025,Hunting equipment,1457481600000,727,727,727,709,709,727,727
10025,Hunting equipment,1457568000000,727,727,727,709,709,727,727
10025,Hunting equipment,1457654400000,727,727,727,709,709,727,727
10025,Hunting equipment,1457740800000,727,727,727,709,709,727,727
10025,Hunting equipment,1457827200000,731,727,727,709,709,727,727
10025,Hunting equipment,1457913600000,731,731,727,709,709,731,731
10025,Hunting equipment,1458000000000,731,731,727,709,709,731,731
10025,Hunting equipment,1458086400000,731,731,727,713,713,731,731
10025,Hunting equipment,1458172800000,731,731,727,713,713,731,731
10025,Hunting equipment,1458259200000,731,731,727,713,713,731,731
10025,Hunting equipment,1458345600000,731,731,727,713,713,731,731
10025,Hunting equipment,1458432000000,731,731,731,713,713,731,731
10025,Hunting equipment,1458518400000,731,731,731,713,713,731,731
10025,Hunting equipment,1458604800000,731,731,731,713,713,731,731
10025,Hunting equipment,1458691200000,731,731,731,713,713,731,731
10025,Hunting equipment,1458777600000,731,731,731,713,713,731,731
10025,Hunting equipment,1458864000000,731,731,731,713,713,731,731
10025,Hunting equipment,1458950400000,739,731,731,713,713,731,731
10025,Hunting equipment,1459036800000,739,739,731,713,713,739,739
10025,Hunting equipment,1459123200000,739,739,731,713,713,739,739
10025,Hunting equipment,1459209600000,739,739,731,713,713,739,739
10025,Hunting equipment,1459296000000,739,739,731,727,727,739,739
10025,Hunting equipment,1459382400000,739,739,731,727,727,739,739
10025,Hunting equipment,1459468800000,739,739,731,727,727,739,739
10025,Hunting equipment,1459555200000,739,739,739,727,727,739,739
10025,Hunting equipment,1459641600000,739,739,739,727,727,739,739
10025,Hunting equipment,1459728000000,739,739,739,727,727,739,739
10025,Hunting equipment,1459814400000,739,739,739,727,727,739,739
10025,Hunting equipment,1459900800000,739,739,739,727,727,739,739
10025,Hunting equipment,1459987200000,739,739,739,727,727,739,739
10025,Hunting equipment,1460073600000,744,739,739,727,727,739,739
10025,Hunting equipment,1460160000000,744,744,739,727,727,744,744
10025,Hunting equipment,1460246400000,744,744,739,727,727,744,744
10025,Hunting equipment,1460332800000,744,744,739,727,727,744,744
10025,Hunting equipment,1460419200000,744,744,739,731,731,744,744
10025,Hunting equipment,1460505600000,744,744,739,731,731,744,744
10025,Hunting equipment,1460592000000,744,744,739,731,731,744,744
10025,Hunting equipment,1460678400000,744,744,744,731,731,744,744
10025,Hunting equipment,1460764800000,744,744,744,731,731,744,744
10025,Hunting equipment,1460851200000,744,744,744,731,731,744,744
10025,Hunting equipment,1460937600000,744,744,744,731,731,744,744
10025,Hunting equipment,1461024000000,744,744,744,731,731,744,744
10025,Hunting equipment,1461110400000,744,744,744,731,731,744,744
10025,Hunting equipment,1461196800000,744,744,744,731,731,744,744
10025,Hunting equipment,1461283200000,739,744,744,731,731,744,744
10025,Hunting equipment,1461369600000,739,739,744,731,731,744,744
10025,Hunting equipment,1461456000000,739,739,744,731,731,744,744
10025,Hunting equipment,1461542400000,739,739,744,739,739,744,744
10025,Hunting equipment,1461628800000,739,739,744,739,739,744,744
10025,Hunting equipment,1461715200000,739,739,744,739,739,744,744
10025,Hunting equipment,1461801600000,739,739,744,739,739,744,744
10025,Hunting equipment,1461888000000,739,739,739,739,739,744,744
10025,Hunting equipment,1461974400000,739,739,739,739,739,744,744
10025,Hunting equipment,1462060800000,739,739,739,739,739,744,744
10025,Hunting equipment,1462147200000,739,739,739,739,739,744,744
10025,Hunting equipment,1462233600000,739,739,739,739,739,744,744
10025,Hunting equipment,1462320000000,739,739,739,739,739,744,744
10025,Hunting equipment,1462406400000,739,739,739,739,739,744,744
10025,Hunting equipment,1462492800000,739,739,739,739,739,744,744
10025,Hunting equipment,1462579200000,734,739,739,739,739,744,744
10025,Hunting equipment,1462665600000,734,734,739,744,734,744,744
10025,Hunting equipment,1462752000000,734,734,739,744,734,744,744
10025,Hunting equipment,1462838400000,734,734,739,744,734,744,744
19965,Hunting equipment,1449964800000,71,71,72,77,71,77,77
19965,Hunting equipment,1450051200000,71,71,72,77,71,77,77
19965,Hunting equipment,1450137600000,71,71,72,75,71,75,75
19965,Hunting equipment,1450224000000,71,71,72,75,71,75,75
19965,Hunting equipment,1450310400000,71,71,72,75,71,75,75
19965,Hunting equipment,1450396800000,71,71,72,75,71,75,75
19965,Hunting equipment,1450483200000,71,71,71,75,71,75,75
19965,Hunting equipment,1450569600000,71,71,71,75,71,75,75
19965,Hunting equipment,1450656000000,71,71,71,75,71,75,75
19965,Hunting equipment,1450742400000,71,71,71,75,71,75,75
19965,Hunting equipment,1450828800000,71,71,71,75,71,75,75
19965,Hunting equipment,1450915200000,71,71,71,75,71,75,75
19965,Hunting equipment,1451001600000,71,71,71,75,71,75,75
19965,Hunting equipment,1451088000000,71,71,71,75,71,75,75
19965,Hunting equipment,1451174400000,69,71,71,75,71,75,75
19965,Hunting equipment,1451260800000,69,69,71,75,69,75,75
19965,Hunting equipment,1451347200000,69,69,71,75,69,75,75
19965,Hunting equipment,1451433600000,69,69,71,72,69,72,72
19965,Hunting equipment,1451520000000,69,69,71,72,69,72,72
19965,Hunting equipment,1451606400000,69,69,71,72,69,72,72
19965,Hunting equipment,1451692800000,69,69,71,72,69,72,72
19965,Hunting equipment,1451779200000,69,69,69,72,69,72,72
19965,Hunting equipment,1451865600000,69,69,69,72,69,72,72
19965,Hunting equipment,1451952000000,69,69,69,72,69,72,72
19965,Hunting equipment,1452038400000,69,69,69,72,69,72,72
19965,Hunting equipment,1452124800000,69,69,69,72,69,72,72
19965,Hunting equipment,1452211200000,67,69,69,72,69,72,72
19965,Hunting equipment,1452297600000,67,67,69,72,67,72,72
19965,Hunting equipment,1452384000000,67,67,69,72,67,72,72
19965,Hunting equipment,1452470400000,67,67,69,71,67,71,71
19965,Hunting equipment,1452556800000,67,67,69,71,67,71,71
19965,Hunting equipment,1452643200000,67,67,69,71,67,71,71
19965,Hunting equipment,1452729600000,67,67,69,71,67,71,71
19965,Hunting equipment,1452816000000,67,67,67,71,67,71,71
19965,Hunting equipment,1452902400000,67,67,67,71,67,71,71
19965,Hunting equipment,1452988800000,67,67,67,71,67,71,71
19965,Hunting equipment,1453075200000,67,67,67,71,67,71,71
19965,Hunting equipment,1453161600000,67,67,67,71,67,71,71
19965,Hunting equipment,1453248000000,70,67,67,71,67,71,71
19965,Hunting equipment,1453334400000,70,70,67,71,67,71,71
19965,Hunting equipment,1453420800000,70,70,67,71,67,71,71
19965,Hunting equipment,1453507200000,70,70,67,71,67,71,71
19965,Hunting equipment,1453593600000,70,70,67,71,67,71,71
19965,Hunting equipment,1453680000000,70,70,67,71,67,71,71
19965,Hunting equipment,1453766400000,70,70,67,69,67,70,70
19965,Hunting equipment,1453852800000,70,70,70,69,67,70,70
19965,Hunting equipment,1453939200000,70,70,70,69,67,70,70
19965,Hunting equipment,1454025600000,70,70,70,69,67,70,70
19965,Hunting equipment,1454112000000,70,70,70,69,67,70,70
19965,Hunting equipment,1454198400000,70,70,70,69,67,70,70
19965,Hunting equipment,1454284800000,70,70,70,69,67,70,70
19965,Hunting equipment,1454371200000,70,70,70,69,67,70,70
19965,Hunting equipment,1454457600000,70,70,70,69,67,70,70
19965,Hunting equipment,1454544000000,70,70,70,69,67,70,70
19965,Hunting equipment,1454630400000,70,70,70,69,67,70,70
19965,Hunting equipment,1454716800000,72,70,70,69,67,70,70
19965,Hunting equipment,1454803200000,72,72,70,67,67,72,72
19965,Hunting equipment,1454889600000,72,72,70,67,67,72,72
19965,Hunting equipment,1454976000000,72,72,70,67,67,72,72
19965,Hunting equipment,1455062400000,72,72,70,67,67,72,72
19965,Hunting equipment,1455148800000,72,72,70,67,67,72,72
19965,Hunting equipment,1455235200000,72,72,70,67,67,72,72
19965,Hunting equipment,1455321600000,72,72,72,67,67,72,72
19965,Hunting equipment,1455408000000,72,72,72,67,67,72,72
19965,Hunting equipment,1455494400000,72,72,72,67,67,72,72
19965,Hunting equipment,1455580800000,72,72,72,67,67,72,72
19965,Hunting equipment,1455667200000,72,72,72,67,67,72,72
19965,Hunting equipment,1455753600000,72,72,72,67,67,72,72
19965,Hunting equipment,1455840000000,72,72,72,70,70,72,72
19965,Hunting equipment,1455926400000,72,72,72,70,70,72,72
19965,Hunting equipment,1456012800000,72,72,72,70,70,72,72
19965,Hunting equipment,1456099200000,75,72,72,70,70,72,72
19965,Hunting equipment,1456185600000,75,75,72,70,70,75,75
19965,Hunting equipment,1456272000000,75,75,72,70,70,75,75
19965,Hunting equipment,1456358400000,75,75,72,70,70,75,75
19965,Hunting equipment,1456444800000,75,75,72,70,70,75,75
19965,Hunting equipment,1456531200000,75,75,72,70,70,75,75
19965,Hunting equipment,1456617600000,75,75,72,70,70,75,75
19965,Hunting equipment,1456704000000,75,75,75,70,70,75,75
19965,Hunting equipment,1456790400000,75,75,75,70,70,75,75
19965,Hunting equipment,1456876800000,75,75,75,70,70,75,75
19965,Hunting equipment,1456963200000,75,75,75,70,70,75,75
19965,Hunting equipment,1457049600000,75,75,75,70,70,75,75
19965,Hunting equipment,1457136000000,75,75,75,70,70,75,75
19965,Hunting equipment,1457222400000,75,75,75,70,70,75,75
19965,Hunting equipment,1457308800000,76,75,75,72,72,75,75
19965,Hunting equipment,1457395200000,76,76,75,72,72,76,76
19965,Hunting equipment,1457481600000,76,76,75,72,72,76,76
19965,Hunting equipment,1457568000000,76,76,75,72,72,76,76
19965,Hunting equipment,1457654400000,76,76,75,72,72,76,76
19965,Hunting equipment,1457740800000,76,76,75,72,72,76,76
19965,Hunting equipment,1457827200000,76,76,75,72,72,76,76
19965,Hunting equipment,1457913600000,76,76,76,72,72,76,76
19965,Hunting equipment,1458000000000,76,76,76,72,72,76,76
19965,Hunting equipment,1458086400000,76,76,76,72,72,76,76
19965,Hunting equipment,1458172800000,76,76,76,72,72,76,76
19965,Hunting equipment,1458259200000,76,76,76,72,72,76,76
19965,Hunting equipment,1458345600000,76,76,76,72,72,76,76
19965,Hunting equipment,1458432000000,76,76,76,72,72,76,76
19965,Hunting equipment,1458518400000,76,76,76,72,72,76,76
19965,Hunting equipment,1458604800000,76,76,76,72,72,76,76
19965,Hunting equipment,1458691200000,76,76,76,75,75,76,76
19965,Hunting equipment,1458777600000,76,76,76,75,75,76,76
19965,Hunting equipment,1458864000000,76,76,76,75,75,76,76
19965,Hunting equipment,1458950400000,76,76,76,75,75,76,76
19965,Hunting equipment,1459036800000,76,76,76,75,75,76,76
19965,Hunting equipment,1459123200000,76,76,76,75,75,76,76
19965,Hunting equipment,1459209600000,76,76,76,75,75,76,76
19965,Hunting equipment,1459296000000,76,76,76,75,75,76,76
19965,Hunting equipment,1459382400000,76,76,76,75,75,76,76
19965,Hunting equipment,1459468800000,76,76,76,75,75,76,76
19965,Hunting equipment,1459555200000,76,76,76,75,75,76,76
19965,Hunting equipment,1459641600000,76,76,76,75,75,76,76
19965,Hunting equipment,1459728000000,79,76,76,75,75,76,76
19965,Hunting equipment,1459814400000,79,79,76,75,75,79,79
19965,Hunting equipment,1459900800000,79,79,76,76,76,79,79
19965,Hunting equipment,1459987200000,79,79,76,76,76,79,79
19965,Hunting equipment,1460073600000,79,79,76,76,76,79,79
19965,Hunting equipment,1460160000000,79,79,76,76,76,79,79
19965,Hunting equipment,1460246400000,79,79,76,76,76,79,79
19965,Hunting equipment,1460332800000,79,79,79,76,76,79,79
19965,Hunting equipment,1460419200000,79,79,79,76,76,79,79
19965,Hunting equipment,1460505600000,79,79,79,76,76,79,79
19965,Hunting equipment,1460592000000,79,79,79,76,76,79,79
19965,Hunting equipment,1460678400000,79,79,79,76,76,79,79
19965,Hunting equipment,1460764800000,79,79,79,76,76,79,79
19965,Hunting equipment,1460851200000,79,79,79,76,76,79,79
19965,Hunting equipment,1460937600000,79,79,79,76,76,79,79
19965,Hunting equipment,1461024000000,79,79,79,76,76,79,79
19965,Hunting equipment,1461110400000,79,79,79,76,76,79,79
19965,Hunting equipment,1461196800000,83,79,79,76,76,79,79
19965,Hunting equipment,1461283200000,83,83,79,76,76,83,83
19965,Hunting equipment,1461369600000,83,83,79,76,76,83,83
19965,Hunting equipment,1461456000000,83,83,79,76,76,83,83
19965,Hunting equipment,1461542400000,83,83,79,76,76,83,83
19965,Hunting equipment,1461628800000,83,83,79,76,76,83,83
19965,Hunting equipment,1461715200000,83,83,79,76,76,83,83
19965,Hunting equipment,1461801600000,83,83,83,76,76,83,83
19965,Hunting equipment,1461888000000,83,83,83,76,76,83,83
19965,Hunting equipment,1461974400000,83,83,83,76,76,83,83
19965,Hunting equipment,1462060800000,83,83,83,76,76,83,83
19965,Hunting equipment,1462147200000,83,83,83,76,76,83,83
19965,Hunting equipment,1462233600000,83,83,83,76,76,83,83
19965,Hunting equipment,1462320000000,83,83,83,79,79,83,83
19965,Hunting equipment,1462406400000,83,83,83,79,79,83,83
19965,Hunting equipment,1462492800000,86,83,83,79,79,83,83
19965,Hunting equipment,1462579200000,86,86,83,79,79,86,86
19965,Hunting equipment,1462665600000,86,86,83,79,79,86,86
19965,Hunting equipment,1462752000000,86,86,83,79,79,86,86
19965,Hunting equipment,1462838400000,86,86,83,79,79,86,86
10150,Hunting equipment,1449964800000,4,4,5,5,4,5,5
10150,Hunting equipment,1450051200000,4,4,4,5,4,5,5
10150,Hunting equipment,1450137600000,4,4,4,5,4,5,5
10150,Hunting equipment,1450224000000,4,4,4,5,4,5,5
10150,Hunting equipment,1450310400000,4,4,4,5,4,5,5
10150,Hunting equipment,1450396800000,4,4,4,5,4,5,5
10150,Hunting equipment,1450483200000,4,4,4,5,4,5,5
10150,Hunting equipment,1450569600000,4,4,4,5,4,5,5
10150,Hunting equipment,1450656000000,4,4,4,5,4,5,5
10150,Hunting equipment,1450742400000,4,4,4,5,4,5,5
10150,Hunting equipment,1450828800000,4,4,4,5,4,5,5
10150,Hunting equipment,1450915200000,4,4,4,5,4,5,5
10150,Hunting equipment,1451001600000,4,4,4,5,4,5,5
10150,Hunting equipment,1451088000000,4,4,4,5,4,5,5
10150,Hunting equipment,1451174400000,4,4,4,5,4,5,5
10150,Hunting equipment,1451260800000,4,4,4,5,4,5,5
10150,Hunting equipment,1451347200000,4,4,4,5,4,5,5
10150,Hunting equipment,1451433600000,4,4,4,5,4,5,5
10150,Hunting equipment,1451520000000,4,4,4,5,4,5,5
10150,Hunting equipment,1451606400000,4,4,4,5,4,5,5
10150,Hunting equipment,1451692800000,4,4,4,5,4,5,5
10150,Hunting equipment,1451779200000,4,4,4,5,4,5,5
10150,Hunting equipment,1451865600000,4,4,4,5,4,5,5
10150,Hunting equipment,1451952000000,4,4,4,5,4,5,5
10150,Hunting equipment,1452038400000,4,4,4,4,4,4,4
10150,Hunting equipment,1452124800000,4,4,4,4,4,4,4
10150,Hunting equipment,1452211200000,5,4,4,4,4,4,4
10150,Hunting equipment,1452297600000,5,5,4,4,4,5,5
10150,Hunting equipment,1452384000000,5,5,4,4,4,5,5
10150,Hunting equipment,1452470400000,5,5,4,4,4,5,5
10150,Hunting equipment,1452556800000,5,5,4,4,4,5,5
10150,Hunting equipment,1452643200000,5,5,4,4,4,5,5
10150,Hunting equipment,1452729600000,5,5,4,4,4,5,5
10150,Hunting equipment,1452816000000,5,5,5,4,4,5,5
10150,Hunting equipment,1452902400000,4,5,5,4,4,5,5
10150,Hunting equipment,1452988800000,4,4,5,4,4,5,5
10150,Hunting equipment,1453075200000,4,4,5,4,4,5,5
10150,Hunting equipment,1453161600000,4,4,5,4,4,5,5
10150,Hunting equipment,1453248000000,4,4,5,4,4,5,5
10150,Hunting equipment,1453334400000,4,4,5,4,4,5,5
10150,Hunting equipment,1453420800000,4,4,5,4,4,5,5
10150,Hunting equipment,1453507200000,4,4,4,4,4,5,5
10150,Hunting equipment,1453593600000,4,4,4,4,4,5,5
10150,Hunting equipment,1453680000000,4,4,4,4,4,5,5
10150,Hunting equipment,1453766400000,4,4,4,4,4,5,5
10150,Hunting equipment,1453852800000,4,4,4,4,4,5,5
10150,Hunting equipment,1453939200000,4,4,4,4,4,5,5
10150,Hunting equipment,1454025600000,4,4,4,4,4,5,5
10150,Hunting equipment,1454112000000,4,4,4,4,4,5,5
10150,Hunting equipment,1454198400000,4,4,4,4,4,5,5
10150,Hunting equipment,1454284800000,4,4,4,4,4,5,5
10150,Hunting equipment,1454371200000,4,4,4,4,4,5,5
10150,Hunting equipment,1454457600000,4,4,4,4,4,5,5
10150,Hunting equipment,1454544000000,4,4,4,4,4,5,5
10150,Hunting equipment,1454630400000,5,4,4,4,4,5,5
10150,Hunting equipment,1454716800000,5,5,4,4,4,5,5
10150,Hunting equipment,1454803200000,5,5,4,5,4,5,5
10150,Hunting equipment,1454889600000,5,5,4,5,4,5,5
10150,Hunting equipment,1454976000000,5,5,4,5,4,5,5
10150,Hunting equipment,1455062400000,5,5,4,5,4,5,5
10150,Hunting equipment,1455148800000,5,5,4,5,4,5,5
10150,Hunting equipment,1455235200000,5,5,5,5,4,5,5
10150,Hunting equipment,1455321600000,5,5,5,5,4,5,5
10150,Hunting equipment,1455408000000,5,5,5,5,4,5,5
10150,Hunting equipment,1455494400000,5,5,5,4,4,5,5
10150,Hunting equipment,1455580800000,5,5,5,4,4,5,5
10150,Hunting equipment,1455667200000,5,5,5,4,4,5,5
10150,Hunting equipment,1455753600000,5,5,5,4,4,5,5
10150,Hunting equipment,1455840000000,5,5,5,4,4,5,5
10150,Hunting equipment,1455926400000,5,5,5,4,4,5,5
10150,Hunting equipment,1456012800000,5,5,5,4,4,5,5
10150,Hunting equipment,1456099200000,4,5,5,4,4,5,5
10150,Hunting equipment,1456185600000,4,4,5,4,4,5,5
10150,Hunting equipment,1456272000000,4,4,5,4,4,5,5
10150,Hunting equipment,1456358400000,4,4,5,4,4,5,5
10150,Hunting equipment,1456444800000,4,4,5,4,4,5,5
10150,Hunting equipment,1456531200000,4,4,5,4,4,5,5
10150,Hunting equipment,1456617600000,4,4,5,4,4,5,5
10150,Hunting equipment,1456704000000,4,4,4,4,4,5,5
10150,Hunting equipment,1456790400000,5,4,4,4,4,5,5
10150,Hunting equipment,1456876800000,5,5,4,4,4,5,5
10150,Hunting equipment,1456963200000,5,5,4,4,4,5,5
10150,Hunting equipment,1457049600000,5,5,4,4,4,5,5
10150,Hunting equipment,1457136000000,5,5,4,4,4,5,5
10150,Hunting equipment,1457222400000,5,5,4,5,4,5,5
10150,Hunting equipment,1457308800000,5,5,4,5,4,5,5
10150,Hunting equipment,1457395200000,6,5,5,5,4,5,5
10150,Hunting equipment,1457481600000,6,6,5,5,4,6,6
10150,Hunting equipment,1457568000000,6,6,5,5,4,6,6
10150,Hunting equipment,1457654400000,6,6,5,5,4,6,6
10150,Hunting equipment,1457740800000,6,6,5,5,4,6,6
10150,Hunting equipment,1457827200000,6,6,5,5,4,6,6
10150,Hunting equipment,1457913600000,6,6,5,5,4,6,6
10150,Hunting equipment,1458000000000,7,6,6,5,4,6,6
10150,Hunting equipment,1458086400000,7,7,6,5,4,7,7
10150,Hunting equipment,1458172800000,7,7,6,5,4,7,7
10150,Hunting equipment,1458259200000,7,7,6,5,4,7,7
10150,Hunting equipment,1458345600000,7,7,6,5,4,7,7
10150,Hunting equipment,1458432000000,7,7,6,5,4,7,7
10150,Hunting equipment,1458518400000,7,7,6,5,4,7,7
10150,Hunting equipment,1458604800000,7,7,7,5,4,7,7
10150,Hunting equipment,1458691200000,7,7,7,4,4,7,7
10150,Hunting equipment,1458777600000,7,7,7,4,4,7,7
10150,Hunting equipment,1458864000000,7,7,7,4,4,7,7
10150,Hunting equipment,1458950400000,7,7,7,4,4,7,7
10150,Hunting equipment,1459036800000,7,7,7,4,4,7,7
10150,Hunting equipment,1459123200000,7,7,7,4,4,7,7
10150,Hunting equipment,1459209600000,7,7,7,4,4,7,7
10150,Hunting equipment,1459296000000,7,7,7,4,4,7,7
10150,Hunting equipment,1459382400000,7,7,7,5,5,7,7
10150,Hunting equipment,1459468800000,7,7,7,5,5,7,7
10150,Hunting equipment,1459555200000,7,7,7,5,5,7,7
10150,Hunting equipment,1459641600000,7,7,7,5,5,7,7
10150,Hunting equipment,1459728000000,7,7,7,5,5,7,7
10150,Hunting equipment,1459814400000,7,7,7,5,5,7,7
10150,Hunting equipment,1459900800000,7,7,7,5,5,7,7
10150,Hunting equipment,1459987200000,7,7,7,6,6,7,7
10150,Hunting equipment,1460073600000,6,7,7,6,6,7,7
10150,Hunting equipment,1460160000000,6,6,7,6,6,7,7
10150,Hunting equipment,1460246400000,6,6,7,6,6,7,7
10150,Hunting equipment,1460332800000,6,6,7,6,6,7,7
10150,Hunting equipment,1460419200000,6,6,7,6,6,7,7
10150,Hunting equipment,1460505600000,6,6,7,6,6,7,7
10150,Hunting equipment,1460592000000,6,6,7,7,6,7,7
10150,Hunting equipment,1460678400000,6,6,6,7,6,7,7
10150,Hunting equipment,1460764800000,7,6,6,7,6,7,7
10150,Hunting equipment,1460851200000,7,7,6,7,6,7,7
10150,Hunting equipment,1460937600000,7,7,6,7,6,7,7
10150,Hunting equipment,1461024000000,7,7,6,7,6,7,7
10150,Hunting equipment,1461110400000,7,7,6,7,6,7,7
10150,Hunting equipment,1461196800000,7,7,6,7,6,7,7
10150,Hunting equipment,1461283200000,7,7,6,7,6,7,7
10150,Hunting equipment,1461369600000,7,7,7,7,6,7,7
10150,Hunting equipment,1461456000000,7,7,7,7,6,7,7
10150,Hunting equipment,1461542400000,7,7,7,7,6,7,7
10150,Hunting equipment,1461628800000,7,7,7,7,6,7,7
10150,Hunting equipment,1461715200000,7,7,7,7,6,7,7
10150,Hunting equipment,1461801600000,7,7,7,7,6,7,7
10150,Hunting equipment,1461888000000,7,7,7,7,6,7,7
10150,Hunting equipment,1461974400000,7,7,7,7,6,7,7
10150,Hunting equipment,1462060800000,8,7,7,7,6,7,7
10150,Hunting equipment,1462147200000,8,8,7,7,6,8,8
10150,Hunting equipment,1462233600000,8,8,7,7,6,8,8
10150,Hunting equipment,1462320000000,8,8,7,7,6,8,8
10150,Hunting equipment,1462406400000,8,8,7,7,6,8,8
10150,Hunting equipment,1462492800000,8,8,7,7,6,8,8
10150,Hunting equipment,1462579200000,8,8,7,7,6,8,8
10150,Hunting equipment,1462665600000,8,8,8,6,6,8,8
10150,Hunting equipment,1462752000000,8,8,8,6,6,8,8
10150,Hunting equipment,1462838400000,7,8,8,6,6,8,8
10067,Hunting equipment,1449964800000,4998,4998,4998,4837,4837,5012,5012
10067,Hunting equipment,1450051200000,4998,4998,4998,4837,4837,5012,5012
10067,Hunting equipment,1450137600000,4998,4998,4998,4837,4837,5012,5012
10067,Hunting equipment,1450224000000,5021,4998,4998,4837,4837,5012,5012
10067,Hunting equipment,1450310400000,5021,5021,4998,4837,4837,5021,5021
10067,Hunting equipment,1450396800000,5021,5021,4998,4837,4837,5021,5021
10067,Hunting equipment,1450483200000,5021,5021,4998,4837,4837,5021,5021
10067,Hunting equipment,1450569600000,5021,5021,4998,4837,4837,5021,5021
10067,Hunting equipment,1450656000000,5021,5021,4998,4837,4837,5021,5021
10067,Hunting equipment,1450742400000,5021,5021,4998,4837,4837,5021,5021
10067,Hunting equipment,1450828800000,5021,5021,5021,5012,4998,5021,5021
10067,Hunting equipment,1450915200000,5021,5021,5021,5012,4998,5021,5021
10067,Hunting equipment,1451001600000,5021,5021,5021,5012,4998,5021,5021
10067,Hunting equipment,1451088000000,5184,5021,5021,5012,4998,5021,5021
10067,Hunting equipment,1451174400000,5184,5184,5021,5012,4998,5184,5184
10067,Hunting equipment,1451260800000,5184,5184,5021,5012,4998,5184,5184
10067,Hunting equipment,1451347200000,5184,5184,5021,5012,4998,5184,5184
10067,Hunting equipment,1451433600000,5184,5184,5021,5012,4998,5184,5184
10067,Hunting equipment,1451520000000,5184,5184,5021,5012,4998,5184,5184
10067,Hunting equipment,1451606400000,5184,5184,5021,5012,4998,5184,5184
10067,Hunting equipment,1451692800000,5184,5184,5184,5012,4998,5184,5184
10067,Hunting equipment,1451779200000,5184,5184,5184,5012,4998,5184,5184
10067,Hunting equipment,1451865600000,5336,5184,5184,4998,4998,5184,5184
10067,Hunting equipment,1451952000000,5336,5336,5184,4998,4998,5336,5336
10067,Hunting equipment,1452038400000,5336,5336,5184,4998,4998,5336,5336
10067,Hunting equipment,1452124800000,5336,5336,5184,4998,4998,5336,5336
10067,Hunting equipment,1452211200000,5336,5336,5184,4998,4998,5336,5336
10067,Hunting equipment,1452297600000,5336,5336,5184,4998,4998,5336,5336
10067,Hunting equipment,1452384000000,5336,5336,5184,4998,4998,5336,5336
10067,Hunting equipment,1452470400000,5336,5336,5336,4998,4998,5336,5336
10067,Hunting equipment,1452556800000,5336,5336,5336,4998,4998,5336,5336
10067,Hunting equipment,1452643200000,5500,5336,5336,4998,4998,5336,5336
10067,Hunting equipment,1452729600000,5500,5500,5336,4998,4998,5500,5500
10067,Hunting equipment,1452816000000,5500,5500,5336,5021,5021,5500,5500
10067,Hunting equipment,1452902400000,5500,5500,5336,5021,5021,5500,5500
10067,Hunting equipment,1452988800000,5500,5500,5336,5021,5021,5500,5500
10067,Hunting equipment,1453075200000,5500,5500,5336,5021,5021,5500,5500
10067,Hunting equipment,1453161600000,5500,5500,5336,5021,5021,5500,5500
10067,Hunting equipment,1453248000000,5500,5500,5500,5021,5021,5500,5500
10067,Hunting equipment,1453334400000,5500,5500,5500,5021,5021,5500,5500
10067,Hunting equipment,1453420800000,5551,5500,5500,5021,5021,5500,5500
10067,Hunting equipment,1453507200000,5551,5551,5500,5021,5021,5551,5551
10067,Hunting equipment,1453593600000,5551,5551,5500,5021,5021,5551,5551
10067,Hunting equipment,1453680000000,5551,5551,5500,5184,5184,5551,5551
10067,Hunting equipment,1453766400000,5551,5551,5500,5184,5184,5551,5551
10067,Hunting equipment,1453852800000,5551,5551,5500,5184,5184,5551,5551
10067,Hunting equipment,1453939200000,5551,5551,5500,5184,5184,5551,5551
10067,Hunting equipment,1454025600000,5551,5551,5551,5184,5184,5551,5551
10067,Hunting equipment,1454112000000,5551,5551,5551,5184,5184,5551,5551
10067,Hunting equipment,1454198400000,5551,5551,5551,5184,5184,5551,5551
10067,Hunting equipment,1454284800000,5520,5551,5551,5184,5184,5551,5551
10067,Hunting equipment,1454371200000,5520,5520,5551,5184,5184,5551,5551
10067,Hunting equipment,1454457600000,5520,5520,5551,5336,5336,5551,5551
10067,Hunting equipment,1454544000000,5520,5520,5551,5336,5336,5551,5551
10067,Hunting equipment,1454630400000,5520,5520,5551,5336,5336,5551,5551
10067,Hunting equipment,1454716800000,5520,5520,5551,5336,5336,5551,5551
10067,Hunting equipment,1454803200000,5520,5520,5551,5336,5336,5551,5551
10067,Hunting equipment,1454889600000,5520,5520,5520,5336,5336,5551,5551
10067,Hunting equipment,1454976000000,5608,5520,5520,5336,5336,5551,5551
10067,Hunting equipment,1455062400000,5608,5608,5520,5336,5336,5608,5608
10067,Hunting equipment,1455148800000,5608,5608,5520,5336,5336,5608,5608
10067,Hunting equipment,1455235200000,5608,5608,5520,5500,5500,5608,5608
10067,Hunting equipment,1455321600000,5608,5608,5520,5500,5500,5608,5608
10067,Hunting equipment,1455408000000,5608,5608,5520,5500,5500,5608,5608
10067,Hunting equipment,1455494400000,5608,5608,5520,5500,5500,5608,5608
10067,Hunting equipment,1455580800000,5608,5608,5608,5500,5500,5608,5608
10067,Hunting equipment,1455667200000,5608,5608,5608,5500,5500,5608,5608
10067,Hunting equipment,1455753600000,5735,5608,5608,5500,5500,5608,5608
10067,Hunting equipment,1455840000000,5735,5735,5608,5500,5500,5735,5735
10067,Hunting equipment,1455926400000,5735,5735,5608,5500,5500,5735,5735
10067,Hunting equipment,1456012800000,5735,5735,5608,5551,5520,5735,5735
10067,Hunting equipment,1456099200000,5735,5735,5608,5551,5520,5735,5735
10067,Hunting equipment,1456185600000,5735,5735,5608,5551,5520,5735,5735
10067,Hunting equipment,1456272000000,5735,5735,5608,5551,5520,5735,5735
10067,Hunting equipment,1456358400000,5735,5735,5735,5551,5520,5735,5735
10067,Hunting equipment,1456444800000,5735,5735,5735,5551,5520,5735,5735
10067,Hunting equipment,1456531200000,5735,5735,5735,5551,5520,5735,5735
10067,Hunting equipment,1456617600000,5825,5735,5735,5551,5520,5735,5735
10067,Hunting equipment,1456704000000,5825,5825,5735,5551,5520,5825,5825
10067,Hunting equipment,1456790400000,5825,5825,5735,5551,5520,5825,5825
10067,Hunting equipment,1456876800000,5825,5825,5735,5520,5520,5825,5825
10067,Hunting equipment,1456963200000,5825,5825,5735,5520,5520,5825,5825
10067,Hunting equipment,1457049600000,5825,5825,5735,5520,5520,5825,5825
10067,Hunting equipment,1457136000000,5825,5825,5735,5520,5520,5825,5825
10067,Hunting equipment,1457222400000,5825,5825,5825,5520,5520,5825,5825
10067,Hunting equipment,1457308800000,5943,5825,5825,5520,5520,5825,5825
10067,Hunting equipment,1457395200000,5943,5943,5825,5520,5520,5943,5943
10067,Hunting equipment,1457481600000,5943,5943,5825,5520,5520,5943,5943
10067,Hunting equipment,1457568000000,5943,5943,5825,5608,5608,5943,5943
10067,Hunting equipment,1457654400000,5943,5943,5825,5608,5608,5943,5943
10067,Hunting equipment,1457740800000,5943,5943,5825,5608,5608,5943,5943
10067,Hunting equipment,1457827200000,5943,5943,5825,5608,5608,5943,5943
10067,Hunting equipment,1457913600000,5943,5943,5943,5608,5608,5943,5943
10067,Hunting equipment,1458000000000,5943,5943,5943,5608,5608,5943,5943
10067,Hunting equipment,1458086400000,5705,5943,5943,5608,5608,5943,5943
10067,Hunting equipment,1458172800000,5705,5705,5943,5608,5608,5943,5943
10067,Hunting equipment,1458259200000,5705,5705,5943,5608,5608,5943,5943
10067,Hunting equipment,1458345600000,5705,5705,5943,5735,5705,5943,5943
10067,Hunting equipment,1458432000000,5705,5705,5943,5735,5705,5943,5943
10067,Hunting equipment,1458518400000,5705,5705,5943,5735,5705,5943,5943
10067,Hunting equipment,1458604800000,5705,5705,5943,5735,5705,5943,5943
10067,Hunting equipment,1458691200000,5705,5705,5705,5735,5705,5943,5943
10067,Hunting equipment,1458777600000,5705,5705,5705,5735,5705,5943,5943
10067,Hunting equipment,1458864000000,5705,5705,5705,5735,5705,5943,5943
10067,Hunting equipment,1458950400000,5549,5705,5705,5735,5705,5943,5943
10067,Hunting equipment,1459036800000,5549,5549,5705,5735,5549,5943,5943
10067,Hunting equipment,1459123200000,5549,5549,5705,5735,5549,5943,5943
10067,Hunting equipment,1459209600000,5549,5549,5705,5825,5549,5943,5943
10067,Hunting equipment,1459296000000,5549,5549,5705,5825,5549,5943,5943
10067,Hunting equipment,1459382400000,5549,5549,5705,5825,5549,5943,5943
10067,Hunting equipment,1459468800000,5549,5549,5705,5825,5549,5943,5943
10067,Hunting equipment,1459555200000,5549,5549,5549,5825,5549,5943,5943
10067,Hunting equipment,1459641600000,5549,5549,5549,5825,5549,5943,5943
10067,Hunting equipment,1459728000000,5549,5549,5549,5825,5549,5943,5943
10067,Hunting equipment,1459814400000,5294,5549,5549,5825,5549,5943,5943
10067,Hunting equipment,1459900800000,5294,5294,5549,5943,5294,5943,5943
10067,Hunting equipment,1459987200000,5294,5294,5549,5943,5294,5943,5943
10067,Hunting equipment,1460073600000,5294,5294,5549,5943,5294,5943,5943
10067,Hunting equipment,1460160000000,5294,5294,5549,5943,5294,5943,5943
10067,Hunting equipment,1460246400000,5294,5294,5549,5943,5294,5943,5943
10067,Hunting equipment,1460332800000,5294,5294,5549,5943,5294,5943,5943
10067,Hunting equipment,1460419200000,5294,5294,5294,5943,5294,5943,5943
10067,Hunting equipment,1460505600000,5294,5294,5294,5943,5294,5943,5943
10067,Hunting equipment,1460592000000,5241,5294,5294,5943,5294,5943,5943
10067,Hunting equipment,1460678400000,5241,5241,5294,5705,5241,5705,5705
10067,Hunting equipment,1460764800000,5241,5241,5294,5705,5241,5705,5705
10067,Hunting equipment,1460851200000,5241,5241,5294,5705,5241,5705,5705
10067,Hunting equipment,1460937600000,5241,5241,5294,5705,5241,5705,5705
10067,Hunting equipment,1461024000000,5241,5241,5294,5705,5241,5705,5705
10067,Hunting equipment,1461110400000,5241,5241,5294,5705,5241,5705,5705
10067,Hunting equipment,1461196800000,5241,5241,5241,5705,5241,5705,5705
10067,Hunting equipment,1461283200000,5241,5241,5241,5705,5241,5705,5705
10067,Hunting equipment,1461369600000,5241,5241,5241,5705,5241,5705,5705
10067,Hunting equipment,1461456000000,5241,5241,5241,5705,5241,5705,5705
10067,Hunting equipment,1461542400000,5405,5241,5241,5549,5241,5549,5549
10067,Hunting equipment,1461628800000,5405,5405,5241,5549,5241,5549,5549
10067,Hunting equipment,1461715200000,5405,5405,5241,5549,5241,5549,5549
10067,Hunting equipment,1461801600000,5405,5405,5241,5549,5241,5549,5549
10067,Hunting equipment,1461888000000,5405,5405,5241,5549,5241,5549,5549
10067,Hunting equipment,1461974400000,5405,5405,5241,5549,5241,5549,5549
10067,Hunting equipment,1462060800000,5405,5405,5241,5549,5241,5549,5549
10067,Hunting equipment,1462147200000,5405,5405,5405,5549,5241,5549,5549
10067,Hunting equipment,1462233600000,5405,5405,5405,5549,5241,5549,5549
10067,Hunting equipment,1462320000000,5405,5405,5405,5549,5241,5549,5549
10067,Hunting equipment,1462406400000,5605,5405,5405,5294,5241,5405,5405
10067,Hunting equipment,1462492800000,5605,5605,5405,5294,5241,5605,5605
10067,Hunting equipment,1462579200000,5605,5605,5405,5294,5241,5605,5605
10067,Hunting equipment,1462665600000,5605,5605,5405,5294,5241,5605,5605
10067,Hunting equipment,1462752000000,5605,5605,5405,5294,5241,5605,5605
10067,Hunting equipment,1462838400000,5605,5605,5405,5294,5241,5605,5605
10065,Hunting equipment,1449964800000,6517,6517,6429,6158,6158,6517,6517
10065,Hunting equipment,1450051200000,6517,6517,6429,6158,6158,6517,6517
10065,Hunting equipment,1450137600000,6517,6517,6429,6158,6158,6517,6517
10065,Hunting equipment,1450224000000,6517,6517,6429,6446,6429,6517,6517
10065,Hunting equipment,1450310400000,6517,6517,6517,6446,6429,6517,6517
10065,Hunting equipment,1450396800000,6517,6517,6517,6446,6429,6517,6517
10065,Hunting equipment,1450483200000,6517,6517,6517,6446,6429,6517,6517
10065,Hunting equipment,1450569600000,6517,6517,6517,6446,6429,6517,6517
10065,Hunting equipment,1450656000000,6536,6517,6517,6446,6429,6517,6517
10065,Hunting equipment,1450742400000,6536,6536,6517,6446,6429,6536,6536
10065,Hunting equipment,1450828800000,6536,6536,6517,6446,6429,6536,6536
10065,Hunting equipment,1450915200000,6536,6536,6517,6446,6429,6536,6536
10065,Hunting equipment,1451001600000,6536,6536,6517,6446,6429,6536,6536
10065,Hunting equipment,1451088000000,6536,6536,6517,6446,6429,6536,6536
10065,Hunting equipment,1451174400000,6536,6536,6517,6446,6429,6536,6536
10065,Hunting equipment,1451260800000,6536,6536,6536,6446,6429,6536,6536
10065,Hunting equipment,1451347200000,6536,6536,6536,6429,6429,6536,6536
10065,Hunting equipment,1451433600000,6573,6536,6536,6429,6429,6536,6536
10065,Hunting equipment,1451520000000,6573,6573,6536,6429,6429,6573,6573
10065,Hunting equipment,1451606400000,6573,6573,6536,6429,6429,6573,6573
10065,Hunting equipment,1451692800000,6573,6573,6536,6429,6429,6573,6573
10065,Hunting equipment,1451779200000,6573,6573,6536,6429,6429,6573,6573
10065,Hunting equipment,1451865600000,6573,6573,6536,6429,6429,6573,6573
10065,Hunting equipment,1451952000000,6573,6573,6536,6429,6429,6573,6573
10065,Hunting equipment,1452038400000,6573,6573,6573,6429,6429,6573,6573
10065,Hunting equipment,1452124800000,6573,6573,6573,6429,6429,6573,6573
10065,Hunting equipment,1452211200000,6693,6573,6573,6429,6429,6573,6573
10065,Hunting equipment,1452297600000,6693,6693,6573,6517,6517,6693,6693
10065,Hunting equipment,1452384000000,6693,6693,6573,6517,6517,6693,6693
10065,Hunting equipment,1452470400000,6693,6693,6573,6517,6517,6693,6693
10065,Hunting equipment,1452556800000,6693,6693,6573,6517,6517,6693,6693
10065,Hunting equipment,1452643200000,6693,6693,6573,6517,6517,6693,6693
10065,Hunting equipment,1452729600000,6693,6693,6573,6517,6517,6693,6693
10065,Hunting equipment,1452816000000,6693,6693,6693,6517,6517,6693,6693
10065,Hunting equipment,1452902400000,6693,6693,6693,6517,6517,6693,6693
10065,Hunting equipment,1452988800000,6790,6693,6693,6517,6517,6693,6693
10065,Hunting equipment,1453075200000,6790,6790,6693,6517,6517,6790,6790
10065,Hunting equipment,1453161600000,6790,6790,6693,6517,6517,6790,6790
10065,Hunting equipment,1453248000000,6790,6790,6693,6536,6536,6790,6790
10065,Hunting equipment,1453334400000,6790,6790,6693,6536,6536,6790,6790
10065,Hunting equipment,1453420800000,6790,6790,6693,6536,6536,6790,6790
10065,Hunting equipment,1453507200000,6790,6790,6693,6536,6536,6790,6790
10065,Hunting equipment,1453593600000,6790,6790,6790,6536,6536,6790,6790
10065,Hunting equipment,1453680000000,6790,6790,6790,6536,6536,6790,6790
10065,Hunting equipment,1453766400000,6790,6790,6790,6536,6536,6790,6790
10065,Hunting equipment,1453852800000,6955,6790,6790,6536,6536,6790,6790
10065,Hunting equipment,1453939200000,6955,6955,6790,6536,6536,6955,6955
10065,Hunting equipment,1454025600000,6955,6955,6790,6573,6573,6955,6955
10065,Hunting equipment,1454112000000,6955,6955,6790,6573,6573,6955,6955
10065,Hunting equipment,1454198400000,6955,6955,6790,6573,6573,6955,6955
10065,Hunting equipment,1454284800000,6955,6955,6790,6573,6573,6955,6955
10065,Hunting equipment,1454371200000,6955,6955,6790,6573,6573,6955,6955
10065,Hunting equipment,1454457600000,6955,6955,6955,6573,6573,6955,6955
10065,Hunting equipment,1454544000000,6955,6955,6955,6573,6573,6955,6955
10065,Hunting equipment,1454630400000,7042,6955,6955,6573,6573,6955,6955
10065,Hunting equipment,1454716800000,7042,7042,6955,6573,6573,7042,7042
10065,Hunting equipment,1454803200000,7042,7042,6955,6693,6693,7042,7042
10065,Hunting equipment,1454889600000,7042,7042,6955,6693,6693,7042,7042
10065,Hunting equipment,1454976000000,7042,7042,6955,6693,6693,7042,7042
10065,Hunting equipment,1455062400000,7042,7042,6955,6693,6693,7042,7042
10065,Hunting equipment,1455148800000,7042,7042,6955,6693,6693,7042,7042
10065,Hunting equipment,1455235200000,7061,7042,7042,6693,6693,7042,7042
10065,Hunting equipment,1455321600000,7061,7061,7042,6693,6693,7061,7061
10065,Hunting equipment,1455408000000,7061,7061,7042,6693,6693,7061,7061
10065,Hunting equipment,1455494400000,7061,7061,7042,6693,6693,7061,7061
10065,Hunting equipment,1455580800000,7061,7061,7042,6790,6790,7061,7061
10065,Hunting equipment,1455667200000,7061,7061,7042,6790,6790,7061,7061
10065,Hunting equipment,1455753600000,7061,7061,7042,6790,6790,7061,7061
10065,Hunting equipment,1455840000000,7061,7061,7061,6790,6790,7061,7061
10065,Hunting equipment,1455926400000,7061,7061,7061,6790,6790,7061,7061
10065,Hunting equipment,1456012800000,7061,7061,7061,6790,6790,7061,7061
10065,Hunting equipment,1456099200000,7317,7061,7061,6790,6790,7061,7061
10065,Hunting equipment,1456185600000,7317,7317,7061,6790,6790,7317,7317
10065,Hunting equipment,1456272000000,7317,7317,7061,6790,6790,7317,7317
10065,Hunting equipment,1456358400000,7317,7317,7061,6790,6790,7317,7317
10065,Hunting equipment,1456444800000,7317,7317,7061,6955,6955,7317,7317
10065,Hunting equipment,1456531200000,7317,7317,7061,6955,6955,7317,7317
10065,Hunting equipment,1456617600000,7317,7317,7061,6955,6955,7317,7317
10065,Hunting equipment,1456704000000,7673,7317,7317,6955,6955,7317,7317
10065,Hunting equipment,1456790400000,7673,7673,7317,6955,6955,7673,7673
10065,Hunting equipment,1456876800000,7673,7673,7317,6955,6955,7673,7673
10065,Hunting equipment,1456963200000,7673,7673,7317,6955,6955,7673,7673
10065,Hunting equipment,1457049600000,7673,7673,7317,6955,6955,7673,7673
10065,Hunting equipment,1457136000000,7673,7673,7317,6955,6955,7673,7673
10065,Hunting equipment,1457222400000,7673,7673,7317,7042,7042,7673,7673
10065,Hunting equipment,1457308800000,7673,7673,7673,7042,7042,7673,7673
10065,Hunting equipment,1457395200000,7673,7673,7673,7042,7042,7673,7673
10065,Hunting equipment,1457481600000,7974,7673,7673,7042,7042,7673,7673
10065,Hunting equipment,1457568000000,7974,7974,7673,7042,7042,7974,7974
10065,Hunting equipment,1457654400000,7974,7974,7673,7042,7042,7974,7974
10065,Hunting equipment,1457740800000,7974,7974,7673,7042,7042,7974,7974
10065,Hunting equipment,1457827200000,7974,7974,7673,7061,7061,7974,7974
10065,Hunting equipment,1457913600000,7974,7974,7673,7061,7061,7974,7974
10065,Hunting equipment,1458000000000,7974,7974,7673,7061,7061,7974,7974
10065,Hunting equipment,1458086400000,7974,7974,7974,7061,7061,7974,7974
10065,Hunting equipment,1458172800000,7974,7974,7974,7061,7061,7974,7974
10065,Hunting equipment,1458259200000,7974,7974,7974,7061,7061,7974,7974
10065,Hunting equipment,1458345600000,7974,7974,7974,7061,7061,7974,7974
10065,Hunting equipment,1458432000000,7779,7974,7974,7061,7061,7974,7974
10065,Hunting equipment,1458518400000,7779,7779,7974,7061,7061,7974,7974
10065,Hunting equipment,1458604800000,7779,7779,7974,7061,7061,7974,7974
10065,Hunting equipment,1458691200000,7779,7779,7974,7317,7317,7974,7974
10065,Hunting equipment,1458777600000,7779,7779,7974,7317,7317,7974,7974
10065,Hunting equipment,1458864000000,7779,7779,7974,7317,7317,7974,7974
10065,Hunting equipment,1458950400000,7779,7779,7974,7317,7317,7974,7974
10065,Hunting equipment,1459036800000,7779,7779,7779,7317,7317,7974,7974
10065,Hunting equipment,1459123200000,7779,7779,7779,7317,7317,7974,7974
10065,Hunting equipment,1459209600000,7779,7779,7779,7317,7317,7974,7974
10065,Hunting equipment,1459296000000,7749,7779,7779,7673,7673,7974,7974
10065,Hunting equipment,1459382400000,7749,7749,7779,7673,7673,7974,7974
10065,Hunting equipment,1459468800000,7749,7749,7779,7673,7673,7974,7974
10065,Hunting equipment,1459555200000,7749,7749,7779,7673,7673,7974,7974
10065,Hunting equipment,1459641600000,7749,7749,7779,7673,7673,7974,7974
10065,Hunting equipment,1459728000000,7749,7749,7779,7673,7673,7974,7974
10065,Hunting equipment,1459814400000,7749,7749,7779,7673,7673,7974,7974
10065,Hunting equipment,1459900800000,7749,7749,7749,7673,7673,7974,7974
10065,Hunting equipment,1459987200000,7749,7749,7749,7673,7673,7974,7974
10065,Hunting equipment,1460073600000,7749,7749,7749,7974,7749,7974,7974
10065,Hunting equipment,1460160000000,7916,7749,7749,7974,7749,7974,7974
10065,Hunting equipment,1460246400000,7916,7916,7749,7974,7749,7974,7974
10065,Hunting equipment,1460332800000,7916,7916,7749,7974,7749,7974,7974
10065,Hunting equipment,1460419200000,7916,7916,7749,7974,7749,7974,7974
10065,Hunting equipment,1460505600000,7916,7916,7749,7974,7749,7974,7974
10065,Hunting equipment,1460592000000,7916,7916,7749,7974,7749,7974,7974
10065,Hunting equipment,1460678400000,7916,7916,7749,7974,7749,7974,7974
10065,Hunting equipment,1460764800000,7916,7916,7916,7974,7749,7974,7974
10065,Hunting equipment,1460851200000,7916,7916,7916,7974,7749,7974,7974
10065,Hunting equipment,1460937600000,7916,7916,7916,7974,7749,7974,7974
10065,Hunting equipment,1461024000000,8029,7916,7916,7779,7749,7916,7916
10065,Hunting equipment,1461110400000,8029,8029,7916,7779,7749,8029,8029
10065,Hunting equipment,1461196800000,8029,8029,7916,7779,7749,8029,8029
10065,Hunting equipment,1461283200000,8029,8029,7916,7779,7749,8029,8029
10065,Hunting equipment,1461369600000,8029,8029,7916,7779,7749,8029,8029
10065,Hunting equipment,1461456000000,8029,8029,7916,7779,7749,8029,8029
10065,Hunting equipment,1461542400000,8029,8029,7916,7779,7749,8029,8029
10065,Hunting equipment,1461628800000,8029,8029,8029,7779,7749,8029,8029
10065,Hunting equipment,1461715200000,8029,8029,8029,7779,7749,8029,8029
10065,Hunting equipment,1461801600000,8029,8029,8029,7779,7749,8029,8029
10065,Hunting equipment,1461888000000,8123,8029,8029,7749,7749,8029,8029
10065,Hunting equipment,1461974400000,8123,8123,8029,7749,7749,8123,8123
10065,Hunting equipment,1462060800000,8123,8123,8029,7749,7749,8123,8123
10065,Hunting equipment,1462147200000,8123,8123,8029,7749,7749,8123,8123
10065,Hunting equipment,1462233600000,8123,8123,8029,7749,7749,8123,8123
10065,Hunting equipment,1462320000000,8123,8123,8029,7749,7749,8123,8123
10065,Hunting equipment,1462406400000,8123,8123,8029,7749,7749,8123,8123
10065,Hunting equipment,1462492800000,8123,8123,8123,7749,7749,8123,8123
10065,Hunting equipment,1462579200000,8123,8123,8123,7749,7749,8123,8123
10065,Hunting equipment,1462665600000,8123,8123,8123,7749,7749,8123,8123
10065,Hunting equipment,1462752000000,8123,8123,8123,7916,7916,8123,8123
10065,Hunting equipment,1462838400000,8070,8123,8123,7916,7916,8123,8123
10031,Hunting equipment,1449964800000,1,1,1,1,1,1,1
10031,Hunting equipment,1450051200000,1,1,1,1,1,1,1
10031,Hunting equipment,1450137600000,1,1,1,1,1,1,1
10031,Hunting equipment,1450224000000,1,1,1,1,1,1,1
10031,Hunting equipment,1450310400000,1,1,1,1,1,1,1
10031,Hunting equipment,1450396800000,1,1,1,1,1,1,1
10031,Hunting equipment,1450483200000,1,1,1,1,1,1,1
10031,Hunting equipment,1450569600000,1,1,1,1,1,1,1
10031,Hunting equipment,1450656000000,1,1,1,1,1,1,1
10031,Hunting equipment,1450742400000,1,1,1,1,1,1,1
10031,Hunting equipment,1450828800000,1,1,1,1,1,1,1
10031,Hunting equipment,1450915200000,1,1,1,1,1,1,1
10031,Hunting equipment,1451001600000,1,1,1,1,1,1,1
10031,Hunting equipment,1451088000000,1,1,1,1,1,1,1
10031,Hunting equipment,1451174400000,1,1,1,1,1,1,1
10031,Hunting equipment,1451260800000,1,1,1,1,1,1,1
10031,Hunting equipment,1451347200000,1,1,1,1,1,1,1
10031,Hunting equipment,1451433600000,1,1,1,1,1,1,1
10031,Hunting equipment,1451520000000,1,1,1,1,1,1,1
10031,Hunting equipment,1451606400000,1,1,1,1,1,1,1
10031,Hunting equipment,1451692800000,1,1,1,1,1,1,1
10031,Hunting equipment,1451779200000,1,1,1,1,1,1,1
10031,Hunting equipment,1451865600000,1,1,1,1,1,1,1
10031,Hunting equipment,1451952000000,1,1,1,1,1,1,1
10031,Hunting equipment,1452038400000,1,1,1,1,1,1,1
10031,Hunting equipment,1452124800000,1,1,1,1,1,1,1
10031,Hunting equipment,1452211200000,1,1,1,1,1,1,1
10031,Hunting equipment,1452297600000,1,1,1,1,1,1,1
10031,Hunting equipment,1452384000000,1,1,1,1,1,1,1
10031,Hunting equipment,1452470400000,1,1,1,1,1,1,1
10031,Hunting equipment,1452556800000,1,1,1,1,1,1,1
10031,Hunting equipment,1452643200000,1,1,1,1,1,1,1
10031,Hunting equipment,1452729600000,1,1,1,1,1,1,1
10031,Hunting equipment,1452816000000,1,1,1,1,1,1,1
10031,Hunting equipment,1452902400000,1,1,1,1,1,1,1
10031,Hunting equipment,1452988800000,1,1,1,1,1,1,1
10031,Hunting equipment,1453075200000,1,1,1,1,1,1,1
10031,Hunting equipment,1453161600000,1,1,1,1,1,1,1
10031,Hunting equipment,1453248000000,1,1,1,1,1,1,1
10031,Hunting equipment,1453334400000,1,1,1,1,1,1,1
10031,Hunting equipment,1453420800000,1,1,1,1,1,1,1
10031,Hunting equipment,1453507200000,1,1,1,1,1,1,1
10031,Hunting equipment,1453593600000,1,1,1,1,1,1,1
10031,Hunting equipment,1453680000000,1,1,1,1,1,1,1
10031,Hunting equipment,1453766400000,1,1,1,1,1,1,1
10031,Hunting equipment,1453852800000,1,1,1,1,1,1,1
10031,Hunting equipment,1453939200000,1,1,1,1,1,1,1
10031,Hunting equipment,1454025600000,1,1,1,1,1,1,1
10031,Hunting equipment,1454112000000,1,1,1,1,1,1,1
10031,Hunting equipment,1454198400000,1,1,1,1,1,1,1
10031,Hunting equipment,1454284800000,1,1,1,1,1,1,1
10031,Hunting equipment,1454371200000,1,1,1,1,1,1,1
10031,Hunting equipment,1454457600000,1,1,1,1,1,1,1
10031,Hunting equipment,1454544000000,1,1,1,1,1,1,1
10031,Hunting equipment,1454630400000,1,1,1,1,1,1,1
10031,Hunting equipment,1454716800000,1,1,1,1,1,1,1
10031,Hunting equipment,1454803200000,1,1,1,1,1,1,1
10031,Hunting equipment,1454889600000,1,1,1,1,1,1,1
10031,Hunting equipment,1454976000000,1,1,1,1,1,1,1
10031,Hunting equipment,1455062400000,1,1,1,1,1,1,1
10031,Hunting equipment,1455148800000,1,1,1,1,1,1,1
10031,Hunting equipment,1455235200000,1,1,1,1,1,1,1
10031,Hunting equipment,1455321600000,1,1,1,1,1,1,1
10031,Hunting equipment,1455408000000,1,1,1,1,1,1,1
10031,Hunting equipment,1455494400000,1,1,1,1,1,1,1
10031,Hunting equipment,1455580800000,1,1,1,1,1,1,1
10031,Hunting equipment,1455667200000,1,1,1,1,1,1,1
10031,Hunting equipment,1455753600000,1,1,1,1,1,1,1
10031,Hunting equipment,1455840000000,1,1,1,1,1,1,1
10031,Hunting equipment,1455926400000,1,1,1,1,1,1,1
10031,Hunting equipment,1456012800000,1,1,1,1,1,1,1
10031,Hunting equipment,1456099200000,1,1,1,1,1,1,1
10031,Hunting equipment,1456185600000,1,1,1,1,1,1,1
10031,Hunting equipment,1456272000000,1,1,1,1,1,1,1
10031,Hunting equipment,1456358400000,1,1,1,1,1,1,1
10031,Hunting equipment,1456444800000,1,1,1,1,1,1,1
10031,Hunting equipment,1456531200000,1,1,1,1,1,1,1
10031,Hunting equipment,1456617600000,1,1,1,1,1,1,1
10031,Hunting equipment,1456704000000,1,1,1,1,1,1,1
10031,Hunting equipment,1456790400000,1,1,1,1,1,1,1
10031,Hunting equipment,1456876800000,1,1,1,1,1,1,1
10031,Hunting equipment,1456963200000,1,1,1,1,1,1,1
10031,Hunting equipment,1457049600000,1,1,1,1,1,1,1
10031,Hunting equipment,1457136000000,1,1,1,1,1,1,1
10031,Hunting equipment,1457222400000,1,1,1,1,1,1,1
10031,Hunting equipment,1457308800000,1,1,1,1,1,1,1
10031,Hunting equipment,1457395200000,1,1,1,1,1,1,1
10031,Hunting equipment,1457481600000,1,1,1,1,1,1,1
10031,Hunting equipment,1457568000000,1,1,1,1,1,1,1
10031,Hunting equipment,1457654400000,1,1,1,1,1,1,1
10031,Hunting equipment,1457740800000,1,1,1,1,1,1,1
10031,Hunting equipment,1457827200000,1,1,1,1,1,1,1
10031,Hunting equipment,1457913600000,1,1,1,1,1,1,1
10031,Hunting equipment,1458000000000,1,1,1,1,1,1,1
10031,Hunting equipment,1458086400000,1,1,1,1,1,1,1
10031,Hunting equipment,1458172800000,1,1,1,1,1,1,1
10031,Hunting equipment,1458259200000,1,1,1,1,1,1,1
10031,Hunting equipment,1458345600000,1,1,1,1,1,1,1
10031,Hunting equipment,1458432000000,1,1,1,1,1,1,1
10031,Hunting equipment,1458518400000,1,1,1,1,1,1,1
10031,Hunting equipment,1458604800000,1,1,1,1,1,1,1
10031,Hunting equipment,1458691200000,1,1,1,1,1,1,1
10031,Hunting equipment,1458777600000,1,1,1,1,1,1,1
10031,Hunting equipment,1458864000000,1,1,1,1,1,1,1
10031,Hunting equipment,1458950400000,1,1,1,1,1,1,1
10031,Hunting equipment,1459036800000,1,1,1,1,1,1,1
10031,Hunting equipment,1459123200000,1,1,1,1,1,1,1
10031,Hunting equipment,1459209600000,1,1,1,1,1,1,1
10031,Hunting equipment,1459296000000,1,1,1,1,1,1,1
10031,Hunting equipment,1459382400000,1,1,1,1,1,1,1
10031,Hunting equipment,1459468800000,1,1,1,1,1,1,1
10031,Hunting equipment,1459555200000,1,1,1,1,1,1,1
10031,Hunting equipment,1459641600000,1,1,1,1,1,1,1
10031,Hunting equipment,1459728000000,1,1,1,1,1,1,1
10031,Hunting equipment,1459814400000,1,1,1,1,1,1,1
10031,Hunting equipment,1459900800000,1,1,1,1,1,1,1
10031,Hunting equipment,1459987200000,1,1,1,1,1,1,1
10031,Hunting equipment,1460073600000,1,1,1,1,1,1,1
10031,Hunting equipment,1460160000000,1,1,1,1,1,1,1
10031,Hunting equipment,1460246400000,1,1,1,1,1,1,1
10031,Hunting equipment,1460332800000,1,1,1,1,1,1,1
10031,Hunting equipment,1460419200000,1,1,1,1,1,1,1
10031,Hunting equipment,1460505600000,1,1,1,1,1,1,1
10031,Hunting equipment,1460592000000,1,1,1,1,1,1,1
10031,Hunting equipment,1460678400000,1,1,1,1,1,1,1
10031,Hunting equipment,1460764800000,1,1,1,1,1,1,1
10031,Hunting equipment,1460851200000,1,1,1,1,1,1,1
10031,Hunting equipment,1460937600000,1,1,1,1,1,1,1
10031,Hunting equipment,1461024000000,1,1,1,1,1,1,1
10031,Hunting equipment,1461110400000,1,1,1,1,1,1,1
10031,Hunting equipment,1461196800000,1,1,1,1,1,1,1
10031,Hunting equipment,1461283200000,1,1,1,1,1,1,1
10031,Hunting equipment,1461369600000,1,1,1,1,1,1,1
10031,Hunting equipment,1461456000000,1,1,1,1,1,1,1
10031,Hunting equipment,1461542400000,1,1,1,1,1,1,1
10031,Hunting equipment,1461628800000,1,1,1,1,1,1,1
10031,Hunting equipment,1461715200000,1,1,1,1,1,1,1
10031,Hunting equipment,1461801600000,1,1,1,1,1,1,1
10031,Hunting equipment,1461888000000,1,1,1,1,1,1,1
10031,Hunting equipment,1461974400000,1,1,1,1,1,1,1
10031,Hunting equipment,1462060800000,1,1,1,1,1,1,1
10031,Hunting equipment,1462147200000,1,1,1,1,1,1,1
10031,Hunting equipment,1462233600000,1,1,1,1,1,1,1
10031,Hunting equipment,1462320000000,1,1,1,1,1,1,1
10031,Hunting equipment,1462406400000,1,1,1,1,1,1,1
10031,Hunting equipment,1462492800000,1,1,1,1,1,1,1
10031,Hunting equipment,1462579200000,1,1,1,1,1,1,1
10031,Hunting equipment,1462665600000,1,1,1,1,1,1,1
10031,Hunting equipment,1462752000000,1,1,1,1,1,1,1
10031,Hunting equipment,1462838400000,1,1,1,1,1,1,1
1470,Hunting equipment,1449964800000,6286,6225,5994,6226,5873,6396,6396
1470,Hunting equipment,1450051200000,6286,6286,6274,6226,5873,6396,6396
1470,Hunting equipment,1450137600000,6462,6286,6274,6396,5873,6396,6396
1470,Hunting equipment,1450224000000,6462,6462,6238,6396,5873,6462,6462
1470,Hunting equipment,1450310400000,6618,6462,6238,6193,5873,6462,6462
1470,Hunting equipment,1450396800000,6618,6618,6225,6193,5873,6618,6618
1470,Hunting equipment,1450483200000,6757,6618,6225,5915,5873,6618,6618
1470,Hunting equipment,1450569600000,6757,6757,6286,5873,5873,6757,6757
1470,Hunting equipment,1450656000000,6644,6757,6286,5917,5917,6757,6757
1470,Hunting equipment,1450742400000,6425,6644,6462,5917,5917,6757,6757
1470,Hunting equipment,1450828800000,6425,6425,6462,5963,5963,6757,6757
1470,Hunting equipment,1450915200000,6338,6425,6618,5963,5963,6757,6757
1470,Hunting equipment,1451001600000,6490,6338,6618,6051,5994,6757,6757
1470,Hunting equipment,1451088000000,6490,6490,6757,6051,5994,6757,6757
1470,Hunting equipment,1451174400000,6559,6490,6757,6050,5994,6757,6757
1470,Hunting equipment,1451260800000,6581,6559,6644,6050,5994,6757,6757
1470,Hunting equipment,1451347200000,6581,6581,6425,6107,5994,6757,6757
1470,Hunting equipment,1451433600000,6542,6581,6425,6209,5994,6757,6757
1470,Hunting equipment,1451520000000,6590,6542,6338,6209,5994,6757,6757
1470,Hunting equipment,1451606400000,6590,6590,6490,6124,5994,6757,6757
1470,Hunting equipment,1451692800000,6657,6590,6490,6124,5994,6757,6757
1470,Hunting equipment,1451779200000,6693,6657,6559,6201,5994,6757,6757
1470,Hunting equipment,1451865600000,6693,6693,6581,6201,5994,6757,6757
1470,Hunting equipment,1451952000000,6683,6693,6581,5994,5994,6757,6757
1470,Hunting equipment,1452038400000,6683,6683,6542,6274,6225,6757,6757
1470,Hunting equipment,1452124800000,6561,6683,6590,6274,6225,6757,6757
1470,Hunting equipment,1452211200000,6600,6561,6590,6238,6225,6757,6757
1470,Hunting equipment,1452297600000,6600,6600,6657,6238,6225,6757,6757
1470,Hunting equipment,1452384000000,6578,6600,6693,6225,6225,6757,6757
1470,Hunting equipment,1452470400000,6385,6578,6693,6225,6225,6757,6757
1470,Hunting equipment,1452556800000,6385,6385,6683,6286,6286,6757,6757
1470,Hunting equipment,1452643200000,6437,6385,6683,6286,6286,6757,6757
1470,Hunting equipment,1452729600000,6437,6437,6561,6462,6338,6757,6757
1470,Hunting equipment,1452816000000,6367,6437,6600,6462,6338,6757,6757
1470,Hunting equipment,1452902400000,6261,6367,6600,6618,6338,6757,6757
1470,Hunting equipment,1452988800000,6265,6261,6578,6618,6261,6757,6757
1470,Hunting equipment,1453075200000,6265,6265,6385,6757,6261,6757,6757
1470,Hunting equipment,1453161600000,6053,6265,6385,6757,6261,6757,6757
1470,Hunting equipment,1453248000000,6053,6053,6437,6644,6053,6693,6693
1470,Hunting equipment,1453334400000,6108,6053,6437,6425,6053,6693,6693
1470,Hunting equipment,1453420800000,6241,6108,6367,6425,6053,6693,6693
1470,Hunting equipment,1453507200000,6241,6241,6261,6338,6053,6693,6693
1470,Hunting equipment,1453593600000,6208,6241,6265,6490,6053,6693,6693
1470,Hunting equipment,1453680000000,6357,6208,6265,6490,6053,6693,6693
1470,Hunting equipment,1453766400000,6269,6357,6053,6559,6053,6693,6693
1470,Hunting equipment,1453852800000,6269,6269,6053,6581,6053,6693,6693
1470,Hunting equipment,1453939200000,5967,6269,6108,6581,6053,6693,6693
1470,Hunting equipment,1454025600000,5920,5967,6241,6542,5967,6693,6693
1470,Hunting equipment,1454112000000,5799,5920,6241,6590,5920,6693,6693
1470,Hunting equipment,1454198400000,5660,5799,6208,6590,5799,6693,6693
1470,Hunting equipment,1454284800000,5554,5660,6357,6657,5660,6693,6693
1470,Hunting equipment,1454371200000,5617,5554,6269,6693,5554,6693,6693
1470,Hunting equipment,1454457600000,5701,5617,6269,6693,5554,6693,6693
1470,Hunting equipment,1454544000000,5701,5701,5967,6683,5554,6683,6683
1470,Hunting equipment,1454630400000,5801,5701,5920,6683,5554,6683,6683
1470,Hunting equipment,1454716800000,5931,5801,5799,6561,5554,6600,6600
1470,Hunting equipment,1454803200000,5931,5931,5660,6600,5554,6600,6600
1470,Hunting equipment,1454889600000,5996,5931,5554,6600,5554,6600,6600
1470,Hunting equipment,1454976000000,5846,5996,5617,6578,5554,6578,6578
1470,Hunting equipment,1455062400000,5790,5846,5701,6385,5554,6437,6437
1470,Hunting equipment,1455148800000,5790,5790,5701,6385,5554,6437,6437
1470,Hunting equipment,1455235200000,5777,5790,5801,6437,5554,6437,6437
1470,Hunting equipment,1455321600000,5777,5777,5931,6437,5554,6437,6437
1470,Hunting equipment,1455408000000,5619,5777,5931,6367,5554,6367,6367
1470,Hunting equipment,1455494400000,5619,5619,5996,6261,5554,6357,6357
1470,Hunting equipment,1455580800000,5637,5619,5846,6265,5554,6357,6357
1470,Hunting equipment,1455667200000,5637,5637,5790,6265,5554,6357,6357
1470,Hunting equipment,1455753600000,5697,5637,5790,6053,5554,6357,6357
1470,Hunting equipment,1455840000000,5697,5697,5777,6053,5554,6357,6357
1470,Hunting equipment,1455926400000,5680,5697,5777,6108,5554,6357,6357
1470,Hunting equipment,1456012800000,5680,5680,5619,6241,5554,6357,6357
1470,Hunting equipment,1456099200000,5752,5680,5619,6241,5554,6357,6357
1470,Hunting equipment,1456185600000,5752,5752,5637,6208,5554,6357,6357
1470,Hunting equipment,1456272000000,5951,5752,5637,6357,5554,6357,6357
1470,Hunting equipment,1456358400000,5951,5951,5697,6269,5554,6269,6269
1470,Hunting equipment,1456444800000,6180,5951,5697,6269,5554,6269,6269
1470,Hunting equipment,1456531200000,6180,6180,5680,5967,5554,6180,6180
1470,Hunting equipment,1456617600000,6142,6180,5680,5920,5554,6180,6180
1470,Hunting equipment,1456704000000,6142,6142,5752,5799,5554,6180,6180
1470,Hunting equipment,1456790400000,6348,6142,5752,5660,5554,6180,6180
1470,Hunting equipment,1456876800000,6348,6348,5951,5554,5554,6348,6348
1470,Hunting equipment,1456963200000,6296,6348,5951,5617,5617,6348,6348
1470,Hunting equipment,1457049600000,6296,6296,6180,5701,5619,6348,6348
1470,Hunting equipment,1457136000000,6277,6296,6180,5701,5619,6348,6348
1470,Hunting equipment,1457222400000,6277,6277,6142,5801,5619,6348,6348
1470,Hunting equipment,1457308800000,6358,6277,6142,5931,5619,6348,6348
1470,Hunting equipment,1457395200000,6612,6358,6348,5931,5619,6358,6358
1470,Hunting equipment,1457481600000,6651,6612,6348,5996,5619,6612,6612
1470,Hunting equipment,1457568000000,6651,6651,6296,5846,5619,6651,6651
1470,Hunting equipment,1457654400000,6648,6651,6296,5790,5619,6651,6651
1470,Hunting equipment,1457740800000,6608,6648,6277,5790,5619,6651,6651
1470,Hunting equipment,1457827200000,6579,6608,6277,5777,5619,6651,6651
1470,Hunting equipment,1457913600000,6579,6579,6358,5777,5619,6651,6651
1470,Hunting equipment,1458000000000,6612,6579,6612,5619,5619,6651,6651
1470,Hunting equipment,1458086400000,6612,6612,6651,5619,5619,6651,6651
1470,Hunting equipment,1458172800000,6480,6612,6651,5637,5637,6651,6651
1470,Hunting equipment,1458259200000,6480,6480,6648,5637,5637,6651,6651
1470,Hunting equipment,1458345600000,6238,6480,6608,5697,5680,6651,6651
1470,Hunting equipment,1458432000000,6238,6238,6579,5697,5680,6651,6651
1470,Hunting equipment,1458518400000,6073,6238,6579,5680,5680,6651,6651
1470,Hunting equipment,1458604800000,6073,6073,6612,5680,5680,6651,6651
1470,Hunting equipment,1458691200000,6178,6073,6612,5752,5752,6651,6651
1470,Hunting equipment,1458777600000,6178,6178,6480,5752,5752,6651,6651
1470,Hunting equipment,1458864000000,6147,6178,6480,5951,5951,6651,6651
1470,Hunting equipment,1458950400000,5960,6147,6238,5951,5951,6651,6651
1470,Hunting equipment,1459036800000,5960,5960,6238,6180,5960,6651,6651
1470,Hunting equipment,1459123200000,5960,5960,6073,6180,5960,6651,6651
1470,Hunting equipment,1459209600000,5964,5960,6073,6142,5960,6651,6651
1470,Hunting equipment,1459296000000,6005,5964,6178,6142,5960,6651,6651
1470,Hunting equipment,1459382400000,6144,6005,6178,6348,5960,6651,6651
1470,Hunting equipment,1459468800000,6144,6144,6147,6348,5960,6651,6651
1470,Hunting equipment,1459555200000,6197,6144,5960,6296,5960,6651,6651
1470,Hunting equipment,1459641600000,6197,6197,5960,6296,5960,6651,6651
1470,Hunting equipment,1459728000000,5954,6197,5960,6277,5960,6651,6651
1470,Hunting equipment,1459814400000,5781,5954,5964,6277,5954,6651,6651
1470,Hunting equipment,1459900800000,5687,5781,6005,6358,5781,6651,6651
1470,Hunting equipment,1459987200000,5542,5687,6144,6612,5687,6651,6651
1470,Hunting equipment,1460073600000,5542,5542,6144,6651,5542,6651,6651
1470,Hunting equipment,1460160000000,5675,5542,6197,6651,5542,6651,6651
1470,Hunting equipment,1460246400000,5741,5675,6197,6648,5542,6648,6648
1470,Hunting equipment,1460332800000,5899,5741,5954,6608,5542,6612,6612
1470,Hunting equipment,1460419200000,5899,5899,5781,6579,5542,6612,6612
1470,Hunting equipment,1460505600000,6126,5899,5687,6579,5542,6612,6612
1470,Hunting equipment,1460592000000,6069,6126,5542,6612,5542,6612,6612
1470,Hunting equipment,1460678400000,6069,6069,5542,6612,5542,6612,6612
1470,Hunting equipment,1460764800000,6046,6069,5675,6480,5542,6480,6480
1470,Hunting equipment,1460851200000,5945,6046,5741,6480,5542,6480,6480
1470,Hunting equipment,1460937600000,5945,5945,5899,6238,5542,6238,6238
1470,Hunting equipment,1461024000000,5959,5945,5899,6238,5542,6238,6238
1470,Hunting equipment,1461110400000,6165,5959,6126,6073,5542,6197,6197
1470,Hunting equipment,1461196800000,6096,6165,6069,6073,5542,6197,6197
1470,Hunting equipment,1461283200000,6008,6096,6069,6178,5542,6197,6197
1470,Hunting equipment,1461369600000,6008,6008,6046,6178,5542,6197,6197
1470,Hunting equipment,1461456000000,6012,6008,5945,6147,5542,6197,6197
1470,Hunting equipment,1461542400000,5970,6012,5945,5960,5542,6197,6197
1470,Hunting equipment,1461628800000,5970,5970,5959,5960,5542,6197,6197
1470,Hunting equipment,1461715200000,6048,5970,6165,5960,5542,6197,6197
1470,Hunting equipment,1461801600000,6158,6048,6096,5964,5542,6197,6197
1470,Hunting equipment,1461888000000,6158,6158,6008,6005,5542,6197,6197
1470,Hunting equipment,1461974400000,6219,6158,6008,6144,5542,6197,6197
1470,Hunting equipment,1462060800000,6331,6219,6012,6144,5542,6219,6219
1470,Hunting equipment,1462147200000,6470,6331,5970,6197,5542,6331,6331
1470,Hunting equipment,1462233600000,6470,6470,5970,6197,5542,6470,6470
1470,Hunting equipment,1462320000000,6690,6470,6048,5954,5542,6470,6470
1470,Hunting equipment,1462406400000,6690,6690,6158,5781,5542,6690,6690
1470,Hunting equipment,1462492800000,6750,6690,6158,5687,5542,6690,6690
1470,Hunting equipment,1462579200000,6750,6750,6219,5542,5542,6750,6750
1470,Hunting equipment,1462665600000,6555,6750,6331,5542,5542,6750,6750
1470,Hunting equipment,1462752000000,6426,6555,6470,5675,5675,6750,6750
1470,Hunting equipment,1462838400000,6426,6426,6470,5741,5741,6750,6750
10029,Hunting equipment,1449964800000,4,4,6,6,4,7,7
10029,Hunting equipment,1450051200000,4,4,5,6,4,7,7
10029,Hunting equipment,1450137600000,4,4,5,6,4,7,7
10029,Hunting equipment,1450224000000,4,4,5,7,4,7,7
10029,Hunting equipment,1450310400000,4,4,5,7,4,7,7
10029,Hunting equipment,1450396800000,4,4,5,7,4,7,7
10029,Hunting equipment,1450483200000,4,4,4,7,4,7,7
10029,Hunting equipment,1450569600000,4,4,4,7,4,7,7
10029,Hunting equipment,1450656000000,4,4,4,7,4,7,7
10029,Hunting equipment,1450742400000,4,4,4,7,4,7,7
10029,Hunting equipment,1450828800000,4,4,4,7,4,7,7
10029,Hunting equipment,1450915200000,4,4,4,7,4,7,7
10029,Hunting equipment,1451001600000,4,4,4,7,4,7,7
10029,Hunting equipment,1451088000000,4,4,4,7,4,7,7
10029,Hunting equipment,1451174400000,4,4,4,7,4,7,7
10029,Hunting equipment,1451260800000,5,4,4,7,4,7,7
10029,Hunting equipment,1451347200000,5,5,4,7,4,7,7
10029,Hunting equipment,1451433600000,5,5,4,6,4,6,6
10029,Hunting equipment,1451520000000,5,5,4,6,4,6,6
10029,Hunting equipment,1451606400000,5,5,4,6,4,6,6
10029,Hunting equipment,1451692800000,4,5,4,6,4,6,6
10029,Hunting equipment,1451779200000,4,4,4,6,4,6,6
10029,Hunting equipment,1451865600000,4,4,5,6,4,6,6
10029,Hunting equipment,1451952000000,4,4,5,6,4,6,6
10029,Hunting equipment,1452038400000,4,4,5,5,4,5,5
10029,Hunting equipment,1452124800000,4,4,5,5,4,5,5
10029,Hunting equipment,1452211200000,5,4,5,5,4,5,5
10029,Hunting equipment,1452297600000,5,5,4,5,4,5,5
10029,Hunting equipment,1452384000000,5,5,4,5,4,5,5
10029,Hunting equipment,1452470400000,5,5,4,4,4,5,5
10029,Hunting equipment,1452556800000,5,5,4,4,4,5,5
10029,Hunting equipment,1452643200000,6,5,4,4,4,5,5
10029,Hunting equipment,1452729600000,6,6,4,4,4,6,6
10029,Hunting equipment,1452816000000,6,6,5,4,4,6,6
10029,Hunting equipment,1452902400000,6,6,5,4,4,6,6
10029,Hunting equipment,1452988800000,6,6,5,4,4,6,6
10029,Hunting equipment,1453075200000,7,6,5,4,4,6,6
10029,Hunting equipment,1453161600000,7,7,5,4,4,7,7
10029,Hunting equipment,1453248000000,7,7,6,4,4,7,7
10029,Hunting equipment,1453334400000,7,7,6,4,4,7,7
10029,Hunting equipment,1453420800000,7,7,6,4,4,7,7
10029,Hunting equipment,1453507200000,7,7,6,4,4,7,7
10029,Hunting equipment,1453593600000,7,7,6,4,4,7,7
10029,Hunting equipment,1453680000000,7,7,7,4,4,7,7
10029,Hunting equipment,1453766400000,7,7,7,4,4,7,7
10029,Hunting equipment,1453852800000,7,7,7,5,4,7,7
10029,Hunting equipment,1453939200000,7,7,7,5,4,7,7
10029,Hunting equipment,1454025600000,7,7,7,5,4,7,7
10029,Hunting equipment,1454112000000,7,7,7,5,4,7,7
10029,Hunting equipment,1454198400000,7,7,7,5,4,7,7
10029,Hunting equipment,1454284800000,7,7,7,4,4,7,7
10029,Hunting equipment,1454371200000,7,7,7,4,4,7,7
10029,Hunting equipment,1454457600000,7,7,7,4,4,7,7
10029,Hunting equipment,1454544000000,7,7,7,4,4,7,7
10029,Hunting equipment,1454630400000,7,7,7,4,4,7,7
10029,Hunting equipment,1454716800000,7,7,7,4,4,7,7
10029,Hunting equipment,1454803200000,7,7,7,5,5,7,7
10029,Hunting equipment,1454889600000,7,7,7,5,5,7,7
10029,Hunting equipment,1454976000000,7,7,7,5,5,7,7
10029,Hunting equipment,1455062400000,7,7,7,5,5,7,7
10029,Hunting equipment,1455148800000,7,7,7,5,5,7,7
10029,Hunting equipment,1455235200000,7,7,7,6,6,7,7
10029,Hunting equipment,1455321600000,7,7,7,6,6,7,7
10029,Hunting equipment,1455408000000,7,7,7,6,6,7,7
10029,Hunting equipment,1455494400000,7,7,7,6,6,7,7
10029,Hunting equipment,1455580800000,7,7,7,6,6,7,7
10029,Hunting equipment,1455667200000,7,7,7,7,7,7,7
10029,Hunting equipment,1455753600000,6,7,7,7,7,7,7
10029,Hunting equipment,1455840000000,6,6,7,7,6,7,7
10029,Hunting equipment,1455926400000,6,6,7,7,6,7,7
10029,Hunting equipment,1456012800000,6,6,7,7,6,7,7
10029,Hunting equipment,1456099200000,6,6,7,7,6,7,7
10029,Hunting equipment,1456185600000,6,6,7,7,6,7,7
10029,Hunting equipment,1456272000000,6,6,7,7,6,7,7
10029,Hunting equipment,1456358400000,6,6,6,7,6,7,7
10029,Hunting equipment,1456444800000,6,6,6,7,6,7,7
10029,Hunting equipment,1456531200000,6,6,6,7,6,7,7
10029,Hunting equipment,1456617600000,6,6,6,7,6,7,7
10029,Hunting equipment,1456704000000,6,6,6,7,6,7,7
10029,Hunting equipment,1456790400000,6,6,6,7,6,7,7
10029,Hunting equipment,1456876800000,6,6,6,7,6,7,7
10029,Hunting equipment,1456963200000,6,6,6,7,6,7,7
10029,Hunting equipment,1457049600000,6,6,6,7,6,7,7
10029,Hunting equipment,1457136000000,6,6,6,7,6,7,7
10029,Hunting equipment,1457222400000,6,6,6,7,6,7,7
10029,Hunting equipment,1457308800000,6,6,6,7,6,7,7
10029,Hunting equipment,1457395200000,6,6,6,7,6,7,7
10029,Hunting equipment,1457481600000,6,6,6,7,6,7,7
10029,Hunting equipment,1457568000000,6,6,6,7,6,7,7
10029,Hunting equipment,1457654400000,6,6,6,7,6,7,7
10029,Hunting equipment,1457740800000,6,6,6,7,6,7,7
10029,Hunting equipment,1457827200000,5,6,6,7,6,7,7
10029,Hunting equipment,1457913600000,5,5,6,7,5,7,7
10029,Hunting equipment,1458000000000,5,5,6,7,5,7,7
10029,Hunting equipment,1458086400000,5,5,6,7,5,7,7
10029,Hunting equipment,1458172800000,5,5,6,7,5,7,7
10029,Hunting equipment,1458259200000,5,5,6,7,5,7,7
10029,Hunting equipment,1458345600000,5,5,6,6,5,6,6
10029,Hunting equipment,1458432000000,5,5,5,6,5,6,6
10029,Hunting equipment,1458518400000,5,5,5,6,5,6,6
10029,Hunting equipment,1458604800000,5,5,5,6,5,6,6
10029,Hunting equipment,1458691200000,5,5,5,6,5,6,6
10029,Hunting equipment,1458777600000,6,5,5,6,5,6,6
10029,Hunting equipment,1458864000000,6,6,5,6,5,6,6
10029,Hunting equipment,1458950400000,6,6,5,6,5,6,6
10029,Hunting equipment,1459036800000,6,6,5,6,5,6,6
10029,Hunting equipment,1459123200000,6,6,5,6,5,6,6
10029,Hunting equipment,1459209600000,6,6,5,6,5,6,6
10029,Hunting equipment,1459296000000,7,6,5,6,5,6,6
10029,Hunting equipment,1459382400000,7,7,6,6,5,7,7
10029,Hunting equipment,1459468800000,7,7,6,6,5,7,7
10029,Hunting equipment,1459555200000,7,7,6,6,5,7,7
10029,Hunting equipment,1459641600000,7,7,6,6,5,7,7
10029,Hunting equipment,1459728000000,7,7,6,6,5,7,7
10029,Hunting equipment,1459814400000,7,7,6,6,5,7,7
10029,Hunting equipment,1459900800000,7,7,7,6,5,7,7
10029,Hunting equipment,1459987200000,7,7,7,6,5,7,7
10029,Hunting equipment,1460073600000,7,7,7,6,5,7,7
10029,Hunting equipment,1460160000000,7,7,7,6,5,7,7
10029,Hunting equipment,1460246400000,7,7,7,6,5,7,7
10029,Hunting equipment,1460332800000,7,7,7,6,5,7,7
10029,Hunting equipment,1460419200000,7,7,7,5,5,7,7
10029,Hunting equipment,1460505600000,7,7,7,5,5,7,7
10029,Hunting equipment,1460592000000,7,7,7,5,5,7,7
10029,Hunting equipment,1460678400000,7,7,7,5,5,7,7
10029,Hunting equipment,1460764800000,7,7,7,5,5,7,7
10029,Hunting equipment,1460851200000,6,7,7,5,5,7,7
10029,Hunting equipment,1460937600000,6,6,7,5,5,7,7
10029,Hunting equipment,1461024000000,6,6,7,5,5,7,7
10029,Hunting equipment,1461110400000,6,6,7,5,5,7,7
10029,Hunting equipment,1461196800000,6,6,7,5,5,7,7
10029,Hunting equipment,1461283200000,7,6,7,5,5,7,7
10029,Hunting equipment,1461369600000,7,7,7,6,6,7,7
10029,Hunting equipment,1461456000000,7,7,6,6,6,7,7
10029,Hunting equipment,1461542400000,7,7,6,6,6,7,7
10029,Hunting equipment,1461628800000,7,7,6,6,6,7,7
10029,Hunting equipment,1461715200000,7,7,6,6,6,7,7
10029,Hunting equipment,1461801600000,7,7,6,6,6,7,7
10029,Hunting equipment,1461888000000,7,7,7,7,6,7,7
10029,Hunting equipment,1461974400000,7,7,7,7,6,7,7
10029,Hunting equipment,1462060800000,7,7,7,7,6,7,7
10029,Hunting equipment,1462147200000,7,7,7,7,6,7,7
10029,Hunting equipment,1462233600000,7,7,7,7,6,7,7
10029,Hunting equipment,1462320000000,7,7,7,7,6,7,7
10029,Hunting equipment,1462406400000,7,7,7,7,6,7,7
10029,Hunting equipment,1462492800000,7,7,7,7,6,7,7
10029,Hunting equipment,1462579200000,7,7,7,7,6,7,7
10029,Hunting equipment,1462665600000,7,7,7,7,6,7,7
10029,Hunting equipment,1462752000000,7,7,7,7,6,7,7
10029,Hunting equipment,1462838400000,7,7,7,7,6,7,7
1476,Hunting equipment,1449964800000,6322,6238,6044,6253,5950,6422,6422
1476,Hunting equipment,1450051200000,6322,6322,6051,6253,5950,6422,6422
1476,Hunting equipment,1450137600000,6485,6322,6051,6422,5950,6422,6422
1476,Hunting equipment,1450224000000,6485,6485,6145,6422,5950,6485,6485
1476,Hunting equipment,1450310400000,6613,6485,6145,6220,5950,6485,6485
1476,Hunting equipment,1450396800000,6613,6613,6238,6220,5950,6613,6613
1476,Hunting equipment,1450483200000,6655,6613,6238,5961,5950,6613,6613
1476,Hunting equipment,1450569600000,6655,6655,6322,5961,5950,6655,6655
1476,Hunting equipment,1450656000000,6652,6655,6322,6011,5950,6655,6655
1476,Hunting equipment,1450742400000,6506,6652,6485,6011,5950,6655,6655
1476,Hunting equipment,1450828800000,6506,6506,6485,5950,5950,6655,6655
1476,Hunting equipment,1450915200000,6394,6506,6613,5950,5950,6655,6655
1476,Hunting equipment,1451001600000,6548,6394,6613,6107,6011,6655,6655
1476,Hunting equipment,1451088000000,6548,6548,6655,6107,6011,6655,6655
1476,Hunting equipment,1451174400000,6720,6548,6655,6072,6011,6655,6655
1476,Hunting equipment,1451260800000,6753,6720,6652,6072,6011,6720,6720
1476,Hunting equipment,1451347200000,6753,6753,6506,6011,6011,6753,6753
1476,Hunting equipment,1451433600000,6689,6753,6506,6150,6044,6753,6753
1476,Hunting equipment,1451520000000,6705,6689,6394,6150,6044,6753,6753
1476,Hunting equipment,1451606400000,6705,6705,6548,6237,6044,6753,6753
1476,Hunting equipment,1451692800000,6696,6705,6548,6237,6044,6753,6753
1476,Hunting equipment,1451779200000,6544,6696,6720,6231,6044,6753,6753
1476,Hunting equipment,1451865600000,6544,6544,6753,6231,6044,6753,6753
1476,Hunting equipment,1451952000000,6576,6544,6753,6044,6044,6753,6753
1476,Hunting equipment,1452038400000,6576,6576,6689,6051,6051,6753,6753
1476,Hunting equipment,1452124800000,6590,6576,6705,6051,6051,6753,6753
1476,Hunting equipment,1452211200000,6613,6590,6705,6145,6145,6753,6753
1476,Hunting equipment,1452297600000,6613,6613,6696,6145,6145,6753,6753
1476,Hunting equipment,1452384000000,6449,6613,6544,6238,6238,6753,6753
1476,Hunting equipment,1452470400000,6460,6449,6544,6238,6238,6753,6753
1476,Hunting equipment,1452556800000,6460,6460,6576,6322,6322,6753,6753
1476,Hunting equipment,1452643200000,6480,6460,6576,6322,6322,6753,6753
1476,Hunting equipment,1452729600000,6480,6480,6590,6485,6394,6753,6753
1476,Hunting equipment,1452816000000,6521,6480,6613,6485,6394,6753,6753
1476,Hunting equipment,1452902400000,6437,6521,6613,6613,6394,6753,6753
1476,Hunting equipment,1452988800000,6316,6437,6449,6613,6394,6753,6753
1476,Hunting equipment,1453075200000,6316,6316,6460,6655,6316,6753,6753
1476,Hunting equipment,1453161600000,6140,6316,6460,6655,6316,6753,6753
1476,Hunting equipment,1453248000000,6140,6140,6480,6652,6140,6753,6753
1476,Hunting equipment,1453334400000,5990,6140,6480,6506,6140,6753,6753
1476,Hunting equipment,1453420800000,6051,5990,6521,6506,5990,6753,6753
1476,Hunting equipment,1453507200000,6051,6051,6437,6394,5990,6753,6753
1476,Hunting equipment,1453593600000,6293,6051,6316,6548,5990,6753,6753
1476,Hunting equipment,1453680000000,6432,6293,6316,6548,5990,6753,6753
1476,Hunting equipment,1453766400000,6432,6432,6140,6720,5990,6753,6753
1476,Hunting equipment,1453852800000,6357,6432,6140,6753,5990,6753,6753
1476,Hunting equipment,1453939200000,6117,6357,5990,6753,5990,6753,6753
1476,Hunting equipment,1454025600000,5908,6117,6051,6689,5990,6705,6705
1476,Hunting equipment,1454112000000,5750,5908,6051,6705,5908,6705,6705
1476,Hunting equipment,1454198400000,5568,5750,6293,6705,5750,6705,6705
1476,Hunting equipment,1454284800000,5729,5568,6432,6696,5568,6696,6696
1476,Hunting equipment,1454371200000,5832,5729,6432,6544,5568,6613,6613
1476,Hunting equipment,1454457600000,6030,5832,6357,6544,5568,6613,6613
1476,Hunting equipment,1454544000000,6030,6030,6117,6576,5568,6613,6613
1476,Hunting equipment,1454630400000,5839,6030,5908,6576,5568,6613,6613
1476,Hunting equipment,1454716800000,5595,5839,5750,6590,5568,6613,6613
1476,Hunting equipment,1454803200000,5497,5595,5568,6613,5568,6613,6613
1476,Hunting equipment,1454889600000,5580,5497,5729,6613,5497,6613,6613
1476,Hunting equipment,1454976000000,5609,5580,5832,6449,5497,6521,6521
1476,Hunting equipment,1455062400000,5593,5609,6030,6460,5497,6521,6521
1476,Hunting equipment,1455148800000,5593,5593,6030,6460,5497,6521,6521
1476,Hunting equipment,1455235200000,5490,5593,5839,6480,5497,6521,6521
1476,Hunting equipment,1455321600000,5490,5490,5595,6480,5490,6521,6521
1476,Hunting equipment,1455408000000,5436,5490,5497,6521,5490,6521,6521
1476,Hunting equipment,1455494400000,5436,5436,5580,6437,5436,6437,6437
1476,Hunting equipment,1455580800000,5538,5436,5609,6316,5436,6432,6432
1476,Hunting equipment,1455667200000,5538,5538,5593,6316,5436,6432,6432
1476,Hunting equipment,1455753600000,5667,5538,5593,6140,5436,6432,6432
1476,Hunting equipment,1455840000000,5667,5667,5490,6140,5436,6432,6432
1476,Hunting equipment,1455926400000,5785,5667,5490,5990,5436,6432,6432
1476,Hunting equipment,1456012800000,5785,5785,5436,6051,5436,6432,6432
1476,Hunting equipment,1456099200000,5860,5785,5436,6051,5436,6432,6432
1476,Hunting equipment,1456185600000,5860,5860,5538,6293,5436,6432,6432
1476,Hunting equipment,1456272000000,5943,5860,5538,6432,5436,6432,6432
1476,Hunting equipment,1456358400000,5943,5943,5667,6432,5436,6432,6432
1476,Hunting equipment,1456444800000,6121,5943,5667,6357,5436,6357,6357
1476,Hunting equipment,1456531200000,6121,6121,5785,6117,5436,6121,6121
1476,Hunting equipment,1456617600000,6259,6121,5785,5908,5436,6121,6121
1476,Hunting equipment,1456704000000,6259,6259,5860,5750,5436,6259,6259
1476,Hunting equipment,1456790400000,6514,6259,5860,5568,5436,6259,6259
1476,Hunting equipment,1456876800000,6514,6514,5943,5729,5436,6514,6514
1476,Hunting equipment,1456963200000,6432,6514,5943,5832,5436,6514,6514
1476,Hunting equipment,1457049600000,6432,6432,6121,6030,5436,6514,6514
1476,Hunting equipment,1457136000000,6373,6432,6121,6030,5436,6514,6514
1476,Hunting equipment,1457222400000,6373,6373,6259,5839,5436,6514,6514
1476,Hunting equipment,1457308800000,6444,6373,6259,5595,5436,6514,6514
1476,Hunting equipment,1457395200000,6429,6444,6514,5497,5436,6514,6514
1476,Hunting equipment,1457481600000,6451,6429,6514,5580,5436,6514,6514
1476,Hunting equipment,1457568000000,6451,6451,6432,5609,5436,6514,6514
1476,Hunting equipment,1457654400000,6321,6451,6432,5593,5436,6514,6514
1476,Hunting equipment,1457740800000,6130,6321,6373,5593,5436,6514,6514
1476,Hunting equipment,1457827200000,6142,6130,6373,5490,5436,6514,6514
1476,Hunting equipment,1457913600000,6142,6142,6444,5490,5436,6514,6514
1476,Hunting equipment,1458000000000,6039,6142,6429,5436,5436,6514,6514
1476,Hunting equipment,1458086400000,6039,6039,6451,5436,5436,6514,6514
1476,Hunting equipment,1458172800000,6083,6039,6451,5538,5538,6514,6514
1476,Hunting equipment,1458259200000,6083,6083,6321,5538,5538,6514,6514
1476,Hunting equipment,1458345600000,5937,6083,6130,5667,5667,6514,6514
1476,Hunting equipment,1458432000000,5936,5937,6142,5667,5667,6514,6514
1476,Hunting equipment,1458518400000,5781,5936,6142,5785,5785,6514,6514
1476,Hunting equipment,1458604800000,5781,5781,6039,5785,5781,6514,6514
1476,Hunting equipment,1458691200000,5985,5781,6039,5860,5781,6514,6514
1476,Hunting equipment,1458777600000,5985,5985,6083,5860,5781,6514,6514
1476,Hunting equipment,1458864000000,6071,5985,6083,5943,5781,6514,6514
1476,Hunting equipment,1458950400000,6071,6071,5937,5943,5781,6514,6514
1476,Hunting equipment,1459036800000,6112,6071,5936,6121,5781,6514,6514
1476,Hunting equipment,1459123200000,6112,6112,5781,6121,5781,6514,6514
1476,Hunting equipment,1459209600000,6177,6112,5781,6259,5781,6514,6514
1476,Hunting equipment,1459296000000,6177,6177,5985,6259,5781,6514,6514
1476,Hunting equipment,1459382400000,6177,6177,5985,6514,5781,6514,6514
1476,Hunting equipment,1459468800000,6177,6177,6071,6514,5781,6514,6514
1476,Hunting equipment,1459555200000,6100,6177,6071,6432,5781,6451,6451
1476,Hunting equipment,1459641600000,6100,6100,6112,6432,5781,6451,6451
1476,Hunting equipment,1459728000000,5943,6100,6112,6373,5781,6451,6451
1476,Hunting equipment,1459814400000,5943,5943,6177,6373,5781,6451,6451
1476,Hunting equipment,1459900800000,5785,5943,6177,6444,5781,6451,6451
1476,Hunting equipment,1459987200000,5856,5785,6177,6429,5781,6451,6451
1476,Hunting equipment,1460073600000,5856,5856,6177,6451,5781,6451,6451
1476,Hunting equipment,1460160000000,5811,5856,6100,6451,5781,6451,6451
1476,Hunting equipment,1460246400000,5746,5811,6100,6321,5781,6321,6321
1476,Hunting equipment,1460332800000,5680,5746,5943,6130,5746,6177,6177
1476,Hunting equipment,1460419200000,5680,5680,5943,6142,5680,6177,6177
1476,Hunting equipment,1460505600000,5803,5680,5785,6142,5680,6177,6177
1476,Hunting equipment,1460592000000,5854,5803,5856,6039,5680,6177,6177
1476,Hunting equipment,1460678400000,5854,5854,5856,6039,5680,6177,6177
1476,Hunting equipment,1460764800000,5931,5854,5811,6083,5680,6177,6177
1476,Hunting equipment,1460851200000,5950,5931,5746,6083,5680,6177,6177
1476,Hunting equipment,1460937600000,5950,5950,5680,5937,5680,6177,6177
1476,Hunting equipment,1461024000000,5869,5950,5680,5936,5680,6177,6177
1476,Hunting equipment,1461110400000,6070,5869,5803,5781,5680,6177,6177
1476,Hunting equipment,1461196800000,6070,6070,5854,5781,5680,6177,6177
1476,Hunting equipment,1461283200000,6106,6070,5854,5985,5680,6177,6177
1476,Hunting equipment,1461369600000,6106,6106,5931,5985,5680,6177,6177
1476,Hunting equipment,1461456000000,6065,6106,5950,6071,5680,6177,6177
1476,Hunting equipment,1461542400000,6049,6065,5950,6071,5680,6177,6177
1476,Hunting equipment,1461628800000,6049,6049,5869,6112,5680,6177,6177
1476,Hunting equipment,1461715200000,6134,6049,6070,6112,5680,6177,6177
1476,Hunting equipment,1461801600000,6130,6134,6070,6177,5680,6177,6177
1476,Hunting equipment,1461888000000,6130,6130,6106,6177,5680,6177,6177
1476,Hunting equipment,1461974400000,6301,6130,6106,6177,5680,6177,6177
1476,Hunting equipment,1462060800000,6404,6301,6065,6177,5680,6301,6301
1476,Hunting equipment,1462147200000,6451,6404,6049,6100,5680,6404,6404
1476,Hunting equipment,1462233600000,6451,6451,6049,6100,5680,6451,6451
1476,Hunting equipment,1462320000000,6621,6451,6134,5943,5680,6451,6451
1476,Hunting equipment,1462406400000,6621,6621,6130,5943,5680,6621,6621
1476,Hunting equipment,1462492800000,6721,6621,6130,5785,5680,6621,6621
1476,Hunting equipment,1462579200000,6721,6721,6301,5856,5680,6721,6721
1476,Hunting equipment,1462665600000,6480,6721,6404,5856,5680,6721,6721
1476,Hunting equipment,1462752000000,6422,6480,6451,5811,5680,6721,6721
1476,Hunting equipment,1462838400000,6422,6422,6451,5746,5680,6721,6721
10055,Hunting equipment,1449964800000,1284,1284,1284,1298,1284,1298,1298
10055,Hunting equipment,1450051200000,1284,1284,1284,1298,1284,1298,1298
10055,Hunting equipment,1450137600000,1284,1284,1284,1298,1284,1298,1298
10055,Hunting equipment,1450224000000,1284,1284,1284,1298,1284,1298,1298
10055,Hunting equipment,1450310400000,1284,1284,1284,1284,1284,1284,1284
10055,Hunting equipment,1450396800000,1284,1284,1284,1284,1284,1284,1284
10055,Hunting equipment,1450483200000,1284,1284,1284,1284,1284,1284,1284
10055,Hunting equipment,1450569600000,1284,1284,1284,1284,1284,1284,1284
10055,Hunting equipment,1450656000000,1284,1284,1284,1284,1284,1284,1284
10055,Hunting equipment,1450742400000,1284,1284,1284,1284,1284,1284,1284
10055,Hunting equipment,1450828800000,1284,1284,1284,1284,1284,1284,1284
10055,Hunting equipment,1450915200000,1284,1284,1284,1284,1284,1284,1284
10055,Hunting equipment,1451001600000,1284,1284,1284,1284,1284,1284,1284
10055,Hunting equipment,1451088000000,1284,1284,1284,1284,1284,1284,1284
10055,Hunting equipment,1451174400000,1284,1284,1284,1284,1284,1284,1284
10055,Hunting equipment,1451260800000,1284,1284,1284,1284,1284,1284,1284
10055,Hunting equipment,1451347200000,1284,1284,1284,1284,1284,1284,1284
10055,Hunting equipment,1451433600000,1284,1284,1284,1284,1284,1284,1284
10055,Hunting equipment,1451520000000,1284,1284,1284,1284,1284,1284,1284
10055,Hunting equipment,1451606400000,1284,1284,1284,1284,1284,1284,1284
10055,Hunting equipment,1451692800000,1284,1284,1284,1284,1284,1284,1284
10055,Hunting equipment,1451779200000,1284,1284,1284,1284,1284,1284,1284
10055,Hunting equipment,1451865600000,1284,1284,1284,1284,1284,1284,1284
10055,Hunting equipment,1451952000000,1284,1284,1284,1284,1284,1284,1284
10055,Hunting equipment,1452038400000,1284,1284,1284,1284,1284,1284,1284
10055,Hunting equipment,1452124800000,1284,1284,1284,1284,1284,1284,1284
10055,Hunting equipment,1452211200000,1284,1284,1284,1284,1284,1284,1284
10055,Hunting equipment,1452297600000,1311,1284,1284,1284,1284,1284,1284
10055,Hunting equipment,1452384000000,1311,1311,1284,1284,1284,1311,1311
10055,Hunting equipment,1452470400000,1311,1311,1284,1284,1284,1311,1311
10055,Hunting equipment,1452556800000,1311,1311,1284,1284,1284,1311,1311
10055,Hunting equipment,1452643200000,1311,1311,1284,1284,1284,1311,1311
10055,Hunting equipment,1452729600000,1311,1311,1284,1284,1284,1311,1311
10055,Hunting equipment,1452816000000,1311,1311,1284,1284,1284,1311,1311
10055,Hunting equipment,1452902400000,1311,1311,1311,1284,1284,1311,1311
10055,Hunting equipment,1452988800000,1311,1311,1311,1284,1284,1311,1311
10055,Hunting equipment,1453075200000,1311,1311,1311,1284,1284,1311,1311
10055,Hunting equipment,1453161600000,1311,1311,1311,1284,1284,1311,1311
10055,Hunting equipment,1453248000000,1311,1311,1311,1284,1284,1311,1311
10055,Hunting equipment,1453334400000,1311,1311,1311,1284,1284,1311,1311
10055,Hunting equipment,1453420800000,1311,1311,1311,1284,1284,1311,1311
10055,Hunting equipment,1453507200000,1311,1311,1311,1284,1284,1311,1311
10055,Hunting equipment,1453593600000,1311,1311,1311,1284,1284,1311,1311
10055,Hunting equipment,1453680000000,1311,1311,1311,1284,1284,1311,1311
10055,Hunting equipment,1453766400000,1311,1311,1311,1284,1284,1311,1311
10055,Hunting equipment,1453852800000,1311,1311,1311,1284,1284,1311,1311
10055,Hunting equipment,1453939200000,1311,1311,1311,1284,1284,1311,1311
10055,Hunting equipment,1454025600000,1311,1311,1311,1284,1284,1311,1311
10055,Hunting equipment,1454112000000,1311,1311,1311,1284,1284,1311,1311
10055,Hunting equipment,1454198400000,1311,1311,1311,1284,1284,1311,1311
10055,Hunting equipment,1454284800000,1311,1311,1311,1284,1284,1311,1311
10055,Hunting equipment,1454371200000,1311,1311,1311,1284,1284,1311,1311
10055,Hunting equipment,1454457600000,1311,1311,1311,1284,1284,1311,1311
10055,Hunting equipment,1454544000000,1311,1311,1311,1284,1284,1311,1311
10055,Hunting equipment,1454630400000,1311,1311,1311,1284,1284,1311,1311
10055,Hunting equipment,1454716800000,1311,1311,1311,1284,1284,1311,1311
10055,Hunting equipment,1454803200000,1311,1311,1311,1284,1284,1311,1311
10055,Hunting equipment,1454889600000,1311,1311,1311,1311,1311,1311,1311
10055,Hunting equipment,1454976000000,1311,1311,1311,1311,1311,1311,1311
10055,Hunting equipment,1455062400000,1311,1311,1311,1311,1311,1311,1311
10055,Hunting equipment,1455148800000,1311,1311,1311,1311,1311,1311,1311
10055,Hunting equipment,1455235200000,1311,1311,1311,1311,1311,1311,1311
10055,Hunting equipment,1455321600000,1311,1311,1311,1311,1311,1311,1311
10055,Hunting equipment,1455408000000,1311,1311,1311,1311,1311,1311,1311
10055,Hunting equipment,1455494400000,1311,1311,1311,1311,1311,1311,1311
10055,Hunting equipment,1455580800000,1311,1311,1311,1311,1311,1311,1311
10055,Hunting equipment,1455667200000,1311,1311,1311,1311,1311,1311,1311
10055,Hunting equipment,1455753600000,1311,1311,1311,1311,1311,1311,1311
10055,Hunting equipment,1455840000000,1311,1311,1311,1311,1311,1311,1311
10055,Hunting equipment,1455926400000,1311,1311,1311,1311,1311,1311,1311
10055,Hunting equipment,1456012800000,1311,1311,1311,1311,1311,1311,1311
10055,Hunting equipment,1456099200000,1290,1311,1311,1311,1311,1311,1311
10055,Hunting equipment,1456185600000,1290,1290,1311,1311,1290,1311,1311
10055,Hunting equipment,1456272000000,1290,1290,1311,1311,1290,1311,1311
10055,Hunting equipment,1456358400000,1290,1290,1311,1311,1290,1311,1311
10055,Hunting equipment,1456444800000,1290,1290,1311,1311,1290,1311,1311
10055,Hunting equipment,1456531200000,1290,1290,1311,1311,1290,1311,1311
10055,Hunting equipment,1456617600000,1290,1290,1311,1311,1290,1311,1311
10055,Hunting equipment,1456704000000,1290,1290,1290,1311,1290,1311,1311
10055,Hunting equipment,1456790400000,1290,1290,1290,1311,1290,1311,1311
10055,Hunting equipment,1456876800000,1290,1290,1290,1311,1290,1311,1311
10055,Hunting equipment,1456963200000,1290,1290,1290,1311,1290,1311,1311
10055,Hunting equipment,1457049600000,1290,1290,1290,1311,1290,1311,1311
10055,Hunting equipment,1457136000000,1290,1290,1290,1311,1290,1311,1311
10055,Hunting equipment,1457222400000,1290,1290,1290,1311,1290,1311,1311
10055,Hunting equipment,1457308800000,1290,1290,1290,1311,1290,1311,1311
10055,Hunting equipment,1457395200000,1290,1290,1290,1311,1290,1311,1311
10055,Hunting equipment,1457481600000,1290,1290,1290,1311,1290,1311,1311
10055,Hunting equipment,1457568000000,1290,1290,1290,1311,1290,1311,1311
10055,Hunting equipment,1457654400000,1290,1290,1290,1311,1290,1311,1311
10055,Hunting equipment,1457740800000,1290,1290,1290,1311,1290,1311,1311
10055,Hunting equipment,1457827200000,1290,1290,1290,1311,1290,1311,1311
10055,Hunting equipment,1457913600000,1290,1290,1290,1311,1290,1311,1311
10055,Hunting equipment,1458000000000,1290,1290,1290,1311,1290,1311,1311
10055,Hunting equipment,1458086400000,1290,1290,1290,1311,1290,1311,1311
10055,Hunting equipment,1458172800000,1290,1290,1290,1311,1290,1311,1311
10055,Hunting equipment,1458259200000,1290,1290,1290,1311,1290,1311,1311
10055,Hunting equipment,1458345600000,1290,1290,1290,1311,1290,1311,1311
10055,Hunting equipment,1458432000000,1290,1290,1290,1311,1290,1311,1311
10055,Hunting equipment,1458518400000,1290,1290,1290,1311,1290,1311,1311
10055,Hunting equipment,1458604800000,1290,1290,1290,1311,1290,1311,1311
10055,Hunting equipment,1458691200000,1290,1290,1290,1290,1290,1290,1290
10055,Hunting equipment,1458777600000,1290,1290,1290,1290,1290,1290,1290
10055,Hunting equipment,1458864000000,1290,1290,1290,1290,1290,1290,1290
10055,Hunting equipment,1458950400000,1290,1290,1290,1290,1290,1290,1290
10055,Hunting equipment,1459036800000,1290,1290,1290,1290,1290,1290,1290
10055,Hunting equipment,1459123200000,1290,1290,1290,1290,1290,1290,1290
10055,Hunting equipment,1459209600000,1290,1290,1290,1290,1290,1290,1290
10055,Hunting equipment,1459296000000,1290,1290,1290,1290,1290,1290,1290
10055,Hunting equipment,1459382400000,1290,1290,1290,1290,1290,1290,1290
10055,Hunting equipment,1459468800000,1290,1290,1290,1290,1290,1290,1290
10055,Hunting equipment,1459555200000,1290,1290,1290,1290,1290,1290,1290
10055,Hunting equipment,1459641600000,1290,1290,1290,1290,1290,1290,1290
10055,Hunting equipment,1459728000000,1290,1290,1290,1290,1290,1290,1290
10055,Hunting equipment,1459814400000,1290,1290,1290,1290,1290,1290,1290
10055,Hunting equipment,1459900800000,1290,1290,1290,1290,1290,1290,1290
10055,Hunting equipment,1459987200000,1290,1290,1290,1290,1290,1290,1290
10055,Hunting equipment,1460073600000,1290,1290,1290,1290,1290,1290,1290
10055,Hunting equipment,1460160000000,1290,1290,1290,1290,1290,1290,1290
10055,Hunting equipment,1460246400000,1290,1290,1290,1290,1290,1290,1290
10055,Hunting equipment,1460332800000,1290,1290,1290,1290,1290,1290,1290
10055,Hunting equipment,1460419200000,1290,1290,1290,1290,1290,1290,1290
10055,Hunting equipment,1460505600000,1290,1290,1290,1290,1290,1290,1290
10055,Hunting equipment,1460592000000,1259,1290,1290,1290,1290,1290,1290
10055,Hunting equipment,1460678400000,1259,1259,1290,1290,1259,1290,1290
10055,Hunting equipment,1460764800000,1259,1259,1290,1290,1259,1290,1290
10055,Hunting equipment,1460851200000,1259,1259,1290,1290,1259,1290,1290
10055,Hunting equipment,1460937600000,1259,1259,1290,1290,1259,1290,1290
10055,Hunting equipment,1461024000000,1259,1259,1290,1290,1259,1290,1290
10055,Hunting equipment,1461110400000,1259,1259,1290,1290,1259,1290,1290
10055,Hunting equipment,1461196800000,1259,1259,1259,1290,1259,1290,1290
10055,Hunting equipment,1461283200000,1259,1259,1259,1290,1259,1290,1290
10055,Hunting equipment,1461369600000,1259,1259,1259,1290,1259,1290,1290
10055,Hunting equipment,1461456000000,1259,1259,1259,1290,1259,1290,1290
10055,Hunting equipment,1461542400000,1259,1259,1259,1290,1259,1290,1290
10055,Hunting equipment,1461628800000,1259,1259,1259,1290,1259,1290,1290
10055,Hunting equipment,1461715200000,1259,1259,1259,1290,1259,1290,1290
10055,Hunting equipment,1461801600000,1259,1259,1259,1290,1259,1290,1290
10055,Hunting equipment,1461888000000,1259,1259,1259,1290,1259,1290,1290
10055,Hunting equipment,1461974400000,1259,1259,1259,1290,1259,1290,1290
10055,Hunting equipment,1462060800000,1259,1259,1259,1290,1259,1290,1290
10055,Hunting equipment,1462147200000,1259,1259,1259,1290,1259,1290,1290
10055,Hunting equipment,1462233600000,1259,1259,1259,1290,1259,1290,1290
10055,Hunting equipment,1462320000000,1259,1259,1259,1290,1259,1290,1290
10055,Hunting equipment,1462406400000,1259,1259,1259,1290,1259,1290,1290
10055,Hunting equipment,1462492800000,1259,1259,1259,1290,1259,1290,1290
10055,Hunting equipment,1462579200000,1259,1259,1259,1290,1259,1290,1290
10055,Hunting equipment,1462665600000,1259,1259,1259,1290,1259,1290,1290
10055,Hunting equipment,1462752000000,1259,1259,1259,1290,1259,1290,1290
10055,Hunting equipment,1462838400000,1259,1259,1259,1290,1259,1290,1290
10053,Hunting equipment,1449964800000,1322,1322,1322,1340,1322,1340,1340
10053,Hunting equipment,1450051200000,1322,1322,1322,1340,1322,1340,1340
10053,Hunting equipment,1450137600000,1322,1322,1322,1340,1322,1340,1340
10053,Hunting equipment,1450224000000,1322,1322,1322,1340,1322,1340,1340
10053,Hunting equipment,1450310400000,1322,1322,1322,1340,1322,1340,1340
10053,Hunting equipment,1450396800000,1322,1322,1322,1340,1322,1340,1340
10053,Hunting equipment,1450483200000,1322,1322,1322,1340,1322,1340,1340
10053,Hunting equipment,1450569600000,1322,1322,1322,1340,1322,1340,1340
10053,Hunting equipment,1450656000000,1299,1322,1322,1340,1322,1340,1340
10053,Hunting equipment,1450742400000,1299,1299,1322,1340,1299,1340,1340
10053,Hunting equipment,1450828800000,1299,1299,1322,1340,1299,1340,1340
10053,Hunting equipment,1450915200000,1299,1299,1322,1340,1299,1340,1340
10053,Hunting equipment,1451001600000,1299,1299,1322,1340,1299,1340,1340
10053,Hunting equipment,1451088000000,1299,1299,1322,1340,1299,1340,1340
10053,Hunting equipment,1451174400000,1299,1299,1322,1340,1299,1340,1340
10053,Hunting equipment,1451260800000,1299,1299,1299,1322,1299,1322,1322
10053,Hunting equipment,1451347200000,1299,1299,1299,1322,1299,1322,1322
10053,Hunting equipment,1451433600000,1299,1299,1299,1322,1299,1322,1322
10053,Hunting equipment,1451520000000,1299,1299,1299,1322,1299,1322,1322
10053,Hunting equipment,1451606400000,1299,1299,1299,1322,1299,1322,1322
10053,Hunting equipment,1451692800000,1299,1299,1299,1322,1299,1322,1322
10053,Hunting equipment,1451779200000,1299,1299,1299,1322,1299,1322,1322
10053,Hunting equipment,1451865600000,1299,1299,1299,1322,1299,1322,1322
10053,Hunting equipment,1451952000000,1299,1299,1299,1322,1299,1322,1322
10053,Hunting equipment,1452038400000,1299,1299,1299,1322,1299,1322,1322
10053,Hunting equipment,1452124800000,1304,1299,1299,1322,1299,1322,1322
10053,Hunting equipment,1452211200000,1304,1304,1299,1322,1299,1322,1322
10053,Hunting equipment,1452297600000,1304,1304,1299,1322,1299,1322,1322
10053,Hunting equipment,1452384000000,1304,1304,1299,1322,1299,1322,1322
10053,Hunting equipment,1452470400000,1304,1304,1299,1322,1299,1322,1322
10053,Hunting equipment,1452556800000,1304,1304,1299,1322,1299,1322,1322
10053,Hunting equipment,1452643200000,1304,1304,1299,1322,1299,1322,1322
10053,Hunting equipment,1452729600000,1304,1304,1304,1322,1299,1322,1322
10053,Hunting equipment,1452816000000,1304,1304,1304,1322,1299,1322,1322
10053,Hunting equipment,1452902400000,1304,1304,1304,1322,1299,1322,1322
10053,Hunting equipment,1452988800000,1304,1304,1304,1322,1299,1322,1322
10053,Hunting equipment,1453075200000,1304,1304,1304,1322,1299,1322,1322
10053,Hunting equipment,1453161600000,1304,1304,1304,1322,1299,1322,1322
10053,Hunting equipment,1453248000000,1304,1304,1304,1299,1299,1304,1304
10053,Hunting equipment,1453334400000,1304,1304,1304,1299,1299,1304,1304
10053,Hunting equipment,1453420800000,1304,1304,1304,1299,1299,1304,1304
10053,Hunting equipment,1453507200000,1275,1304,1304,1299,1299,1304,1304
10053,Hunting equipment,1453593600000,1275,1275,1304,1299,1275,1304,1304
10053,Hunting equipment,1453680000000,1275,1275,1304,1299,1275,1304,1304
10053,Hunting equipment,1453766400000,1275,1275,1304,1299,1275,1304,1304
10053,Hunting equipment,1453852800000,1275,1275,1304,1299,1275,1304,1304
10053,Hunting equipment,1453939200000,1275,1275,1304,1299,1275,1304,1304
10053,Hunting equipment,1454025600000,1275,1275,1304,1299,1275,1304,1304
10053,Hunting equipment,1454112000000,1275,1275,1275,1299,1275,1304,1304
10053,Hunting equipment,1454198400000,1275,1275,1275,1299,1275,1304,1304
10053,Hunting equipment,1454284800000,1275,1275,1275,1299,1275,1304,1304
10053,Hunting equipment,1454371200000,1275,1275,1275,1299,1275,1304,1304
10053,Hunting equipment,1454457600000,1275,1275,1275,1299,1275,1304,1304
10053,Hunting equipment,1454544000000,1275,1275,1275,1299,1275,1304,1304
10053,Hunting equipment,1454630400000,1275,1275,1275,1299,1275,1304,1304
10053,Hunting equipment,1454716800000,1273,1275,1275,1304,1275,1304,1304
10053,Hunting equipment,1454803200000,1273,1273,1275,1304,1273,1304,1304
10053,Hunting equipment,1454889600000,1273,1273,1275,1304,1273,1304,1304
10053,Hunting equipment,1454976000000,1273,1273,1275,1304,1273,1304,1304
10053,Hunting equipment,1455062400000,1273,1273,1275,1304,1273,1304,1304
10053,Hunting equipment,1455148800000,1273,1273,1275,1304,1273,1304,1304
10053,Hunting equipment,1455235200000,1273,1273,1275,1304,1273,1304,1304
10053,Hunting equipment,1455321600000,1273,1273,1273,1304,1273,1304,1304
10053,Hunting equipment,1455408000000,1273,1273,1273,1304,1273,1304,1304
10053,Hunting equipment,1455494400000,1273,1273,1273,1304,1273,1304,1304
10053,Hunting equipment,1455580800000,1273,1273,1273,1304,1273,1304,1304
10053,Hunting equipment,1455667200000,1273,1273,1273,1304,1273,1304,1304
10053,Hunting equipment,1455753600000,1260,1273,1273,1304,1273,1304,1304
10053,Hunting equipment,1455840000000,1260,1260,1273,1304,1260,1304,1304
10053,Hunting equipment,1455926400000,1260,1260,1273,1304,1260,1304,1304
10053,Hunting equipment,1456012800000,1260,1260,1273,1304,1260,1304,1304
10053,Hunting equipment,1456099200000,1260,1260,1273,1275,1260,1275,1275
10053,Hunting equipment,1456185600000,1260,1260,1273,1275,1260,1275,1275
10053,Hunting equipment,1456272000000,1260,1260,1273,1275,1260,1275,1275
10053,Hunting equipment,1456358400000,1260,1260,1260,1275,1260,1275,1275
10053,Hunting equipment,1456444800000,1260,1260,1260,1275,1260,1275,1275
10053,Hunting equipment,1456531200000,1260,1260,1260,1275,1260,1275,1275
10053,Hunting equipment,1456617600000,1260,1260,1260,1275,1260,1275,1275
10053,Hunting equipment,1456704000000,1260,1260,1260,1275,1260,1275,1275
10053,Hunting equipment,1456790400000,1260,1260,1260,1275,1260,1275,1275
10053,Hunting equipment,1456876800000,1260,1260,1260,1275,1260,1275,1275
10053,Hunting equipment,1456963200000,1260,1260,1260,1275,1260,1275,1275
10053,Hunting equipment,1457049600000,1260,1260,1260,1275,1260,1275,1275
10053,Hunting equipment,1457136000000,1231,1260,1260,1275,1260,1275,1275
10053,Hunting equipment,1457222400000,1231,1231,1260,1275,1231,1275,1275
10053,Hunting equipment,1457308800000,1231,1231,1260,1273,1231,1273,1273
10053,Hunting equipment,1457395200000,1231,1231,1260,1273,1231,1273,1273
10053,Hunting equipment,1457481600000,1231,1231,1260,1273,1231,1273,1273
10053,Hunting equipment,1457568000000,1231,1231,1260,1273,1231,1273,1273
10053,Hunting equipment,1457654400000,1231,1231,1260,1273,1231,1273,1273
10053,Hunting equipment,1457740800000,1231,1231,1231,1273,1231,1273,1273
10053,Hunting equipment,1457827200000,1231,1231,1231,1273,1231,1273,1273
10053,Hunting equipment,1457913600000,1231,1231,1231,1273,1231,1273,1273
10053,Hunting equipment,1458000000000,1231,1231,1231,1273,1231,1273,1273
10053,Hunting equipment,1458086400000,1231,1231,1231,1273,1231,1273,1273
10053,Hunting equipment,1458172800000,1231,1231,1231,1273,1231,1273,1273
10053,Hunting equipment,1458259200000,1231,1231,1231,1273,1231,1273,1273
10053,Hunting equipment,1458345600000,1231,1231,1231,1260,1231,1260,1260
10053,Hunting equipment,1458432000000,1231,1231,1231,1260,1231,1260,1260
10053,Hunting equipment,1458518400000,1231,1231,1231,1260,1231,1260,1260
10053,Hunting equipment,1458604800000,1231,1231,1231,1260,1231,1260,1260
10053,Hunting equipment,1458691200000,1228,1231,1231,1260,1231,1260,1260
10053,Hunting equipment,1458777600000,1228,1228,1231,1260,1228,1260,1260
10053,Hunting equipment,1458864000000,1228,1228,1231,1260,1228,1260,1260
10053,Hunting equipment,1458950400000,1228,1228,1231,1260,1228,1260,1260
10053,Hunting equipment,1459036800000,1228,1228,1231,1260,1228,1260,1260
10053,Hunting equipment,1459123200000,1228,1228,1231,1260,1228,1260,1260
10053,Hunting equipment,1459209600000,1228,1228,1231,1260,1228,1260,1260
10053,Hunting equipment,1459296000000,1228,1228,1228,1260,1228,1260,1260
10053,Hunting equipment,1459382400000,1228,1228,1228,1260,1228,1260,1260
10053,Hunting equipment,1459468800000,1228,1228,1228,1260,1228,1260,1260
10053,Hunting equipment,1459555200000,1228,1228,1228,1260,1228,1260,1260
10053,Hunting equipment,1459641600000,1228,1228,1228,1260,1228,1260,1260
10053,Hunting equipment,1459728000000,1228,1228,1228,1231,1228,1231,1231
10053,Hunting equipment,1459814400000,1228,1228,1228,1231,1228,1231,1231
10053,Hunting equipment,1459900800000,1228,1228,1228,1231,1228,1231,1231
10053,Hunting equipment,1459987200000,1228,1228,1228,1231,1228,1231,1231
10053,Hunting equipment,1460073600000,1228,1228,1228,1231,1228,1231,1231
10053,Hunting equipment,1460160000000,1172,1228,1228,1231,1228,1231,1231
10053,Hunting equipment,1460246400000,1172,1172,1228,1231,1172,1231,1231
10053,Hunting equipment,1460332800000,1172,1172,1228,1231,1172,1231,1231
10053,Hunting equipment,1460419200000,1172,1172,1228,1231,1172,1231,1231
10053,Hunting equipment,1460505600000,1172,1172,1228,1231,1172,1231,1231
10053,Hunting equipment,1460592000000,1172,1172,1228,1231,1172,1231,1231
10053,Hunting equipment,1460678400000,1172,1172,1228,1231,1172,1231,1231
10053,Hunting equipment,1460764800000,1172,1172,1172,1231,1172,1231,1231
10053,Hunting equipment,1460851200000,1172,1172,1172,1231,1172,1231,1231
10053,Hunting equipment,1460937600000,1172,1172,1172,1231,1172,1231,1231
10053,Hunting equipment,1461024000000,1172,1172,1172,1231,1172,1231,1231
10053,Hunting equipment,1461110400000,1172,1172,1172,1231,1172,1231,1231
10053,Hunting equipment,1461196800000,1172,1172,1172,1231,1172,1231,1231
10053,Hunting equipment,1461283200000,1172,1172,1172,1228,1172,1228,1228
10053,Hunting equipment,1461369600000,1172,1172,1172,1228,1172,1228,1228
10053,Hunting equipment,1461456000000,1172,1172,1172,1228,1172,1228,1228
10053,Hunting equipment,1461542400000,1155,1172,1172,1228,1172,1228,1228
10053,Hunting equipment,1461628800000,1155,1155,1172,1228,1155,1228,1228
10053,Hunting equipment,1461715200000,1155,1155,1172,1228,1155,1228,1228
10053,Hunting equipment,1461801600000,1155,1155,1172,1228,1155,1228,1228
10053,Hunting equipment,1461888000000,1155,1155,1172,1228,1155,1228,1228
10053,Hunting equipment,1461974400000,1155,1155,1172,1228,1155,1228,1228
10053,Hunting equipment,1462060800000,1155,1155,1172,1228,1155,1228,1228
10053,Hunting equipment,1462147200000,1155,1155,1155,1228,1155,1228,1228
10053,Hunting equipment,1462233600000,1155,1155,1155,1228,1155,1228,1228
10053,Hunting equipment,1462320000000,1155,1155,1155,1228,1155,1228,1228
10053,Hunting equipment,1462406400000,1155,1155,1155,1228,1155,1228,1228
10053,Hunting equipment,1462492800000,1155,1155,1155,1228,1155,1228,1228
10053,Hunting equipment,1462579200000,1155,1155,1155,1228,1155,1228,1228
10053,Hunting equipment,1462665600000,1155,1155,1155,1228,1155,1228,1228
10053,Hunting equipment,1462752000000,1155,1155,1155,1172,1155,1172,1172
10053,Hunting equipment,1462838400000,1155,1155,1155,1172,1155,1172,1172
1472,Hunting equipment,1449964800000,6395,6240,6206,6280,6026,6355,6355
1472,Hunting equipment,1450051200000,6395,6395,6129,6280,6026,6395,6395
1472,Hunting equipment,1450137600000,6435,6395,6129,6260,6026,6395,6395
1472,Hunting equipment,1450224000000,6435,6435,6026,6260,6026,6435,6435
1472,Hunting equipment,1450310400000,6465,6435,6026,6162,6026,6435,6435
1472,Hunting equipment,1450396800000,6465,6465,6161,6162,6026,6465,6465
1472,Hunting equipment,1450483200000,6525,6465,6240,6124,6026,6465,6465
1472,Hunting equipment,1450569600000,6525,6525,6395,6124,6026,6525,6525
1472,Hunting equipment,1450656000000,6573,6525,6395,6161,6026,6525,6525
1472,Hunting equipment,1450742400000,6391,6573,6435,6161,6026,6573,6573
1472,Hunting equipment,1450828800000,6391,6391,6435,6199,6026,6573,6573
1472,Hunting equipment,1450915200000,6374,6391,6465,6199,6026,6573,6573
1472,Hunting equipment,1451001600000,6486,6374,6465,6197,6026,6573,6573
1472,Hunting equipment,1451088000000,6486,6486,6525,6197,6026,6573,6573
1472,Hunting equipment,1451174400000,6586,6486,6525,6215,6026,6573,6573
1472,Hunting equipment,1451260800000,6574,6586,6573,6215,6026,6586,6586
1472,Hunting equipment,1451347200000,6574,6574,6391,6177,6026,6586,6586
1472,Hunting equipment,1451433600000,6616,6574,6391,6216,6026,6586,6586
1472,Hunting equipment,1451520000000,6605,6616,6374,6216,6026,6616,6616
1472,Hunting equipment,1451606400000,6605,6605,6486,6302,6026,6616,6616
1472,Hunting equipment,1451692800000,6642,6605,6486,6302,6026,6616,6616
1472,Hunting equipment,1451779200000,6539,6642,6586,6355,6026,6642,6642
1472,Hunting equipment,1451865600000,6647,6539,6574,6355,6026,6642,6642
1472,Hunting equipment,1451952000000,6647,6647,6574,6206,6026,6647,6647
1472,Hunting equipment,1452038400000,6668,6647,6616,6129,6026,6647,6647
1472,Hunting equipment,1452124800000,6668,6668,6605,6129,6026,6668,6668
1472,Hunting equipment,1452211200000,6686,6668,6605,6026,6026,6668,6668
1472,Hunting equipment,1452297600000,6686,6686,6642,6026,6026,6686,6686
1472,Hunting equipment,1452384000000,6632,6686,6539,6161,6161,6686,6686
1472,Hunting equipment,1452470400000,6409,6632,6647,6240,6240,6686,6686
1472,Hunting equipment,1452556800000,6409,6409,6647,6395,6374,6686,6686
1472,Hunting equipment,1452643200000,6312,6409,6668,6395,6374,6686,6686
1472,Hunting equipment,1452729600000,6312,6312,6668,6435,6312,6686,6686
1472,Hunting equipment,1452816000000,6346,6312,6686,6435,6312,6686,6686
1472,Hunting equipment,1452902400000,6273,6346,6686,6465,6312,6686,6686
1472,Hunting equipment,1452988800000,6256,6273,6632,6465,6273,6686,6686
1472,Hunting equipment,1453075200000,6256,6256,6409,6525,6256,6686,6686
1472,Hunting equipment,1453161600000,6308,6256,6409,6525,6256,6686,6686
1472,Hunting equipment,1453248000000,6308,6308,6312,6573,6256,6686,6686
1472,Hunting equipment,1453334400000,6353,6308,6312,6391,6256,6686,6686
1472,Hunting equipment,1453420800000,6353,6353,6346,6391,6256,6686,6686
1472,Hunting equipment,1453507200000,6270,6353,6273,6374,6256,6686,6686
1472,Hunting equipment,1453593600000,6219,6270,6256,6486,6256,6686,6686
1472,Hunting equipment,1453680000000,6219,6219,6256,6486,6219,6686,6686
1472,Hunting equipment,1453766400000,6321,6219,6308,6586,6219,6686,6686
1472,Hunting equipment,1453852800000,6321,6321,6308,6574,6219,6686,6686
1472,Hunting equipment,1453939200000,6202,6321,6353,6574,6219,6686,6686
1472,Hunting equipment,1454025600000,5966,6202,6353,6616,6202,6686,6686
1472,Hunting equipment,1454112000000,5780,5966,6270,6605,5966,6686,6686
1472,Hunting equipment,1454198400000,5601,5780,6219,6605,5780,6686,6686
1472,Hunting equipment,1454284800000,5539,5601,6219,6642,5601,6686,6686
1472,Hunting equipment,1454371200000,5720,5539,6321,6539,5539,6686,6686
1472,Hunting equipment,1454457600000,5855,5720,6321,6647,5539,6686,6686
1472,Hunting equipment,1454544000000,5855,5855,6202,6647,5539,6686,6686
1472,Hunting equipment,1454630400000,5839,5855,5966,6668,5539,6686,6686
1472,Hunting equipment,1454716800000,5605,5839,5780,6668,5539,6686,6686
1472,Hunting equipment,1454803200000,5605,5605,5601,6686,5539,6686,6686
1472,Hunting equipment,1454889600000,5558,5605,5539,6686,5539,6686,6686
1472,Hunting equipment,1454976000000,5517,5558,5720,6632,5539,6632,6632
1472,Hunting equipment,1455062400000,5495,5517,5855,6409,5517,6409,6409
1472,Hunting equipment,1455148800000,5495,5495,5855,6409,5495,6409,6409
1472,Hunting equipment,1455235200000,5489,5495,5839,6312,5495,6353,6353
1472,Hunting equipment,1455321600000,5323,5489,5605,6312,5489,6353,6353
1472,Hunting equipment,1455408000000,5257,5323,5605,6346,5323,6353,6353
1472,Hunting equipment,1455494400000,5257,5257,5558,6273,5257,6353,6353
1472,Hunting equipment,1455580800000,5445,5257,5517,6256,5257,6353,6353
1472,Hunting equipment,1455667200000,5445,5445,5495,6256,5257,6353,6353
1472,Hunting equipment,1455753600000,5639,5445,5495,6308,5257,6353,6353
1472,Hunting equipment,1455840000000,5639,5639,5489,6308,5257,6353,6353
1472,Hunting equipment,1455926400000,5769,5639,5323,6353,5257,6353,6353
1472,Hunting equipment,1456012800000,5769,5769,5257,6353,5257,6353,6353
1472,Hunting equipment,1456099200000,5811,5769,5257,6270,5257,6321,6321
1472,Hunting equipment,1456185600000,5811,5811,5445,6219,5257,6321,6321
1472,Hunting equipment,1456272000000,5933,5811,5445,6219,5257,6321,6321
1472,Hunting equipment,1456358400000,5933,5933,5639,6321,5257,6321,6321
1472,Hunting equipment,1456444800000,6110,5933,5639,6321,5257,6321,6321
1472,Hunting equipment,1456531200000,6110,6110,5769,6202,5257,6202,6202
1472,Hunting equipment,1456617600000,6215,6110,5769,5966,5257,6110,6110
1472,Hunting equipment,1456704000000,6215,6215,5811,5780,5257,6215,6215
1472,Hunting equipment,1456790400000,6328,6215,5811,5601,5257,6215,6215
1472,Hunting equipment,1456876800000,6328,6328,5933,5539,5257,6328,6328
1472,Hunting equipment,1456963200000,6434,6328,5933,5720,5257,6328,6328
1472,Hunting equipment,1457049600000,6434,6434,6110,5855,5257,6434,6434
1472,Hunting equipment,1457136000000,6310,6434,6110,5855,5257,6434,6434
1472,Hunting equipment,1457222400000,6310,6310,6215,5839,5257,6434,6434
1472,Hunting equipment,1457308800000,6384,6310,6215,5605,5257,6434,6434
1472,Hunting equipment,1457395200000,6368,6384,6328,5605,5257,6434,6434
1472,Hunting equipment,1457481600000,6330,6368,6328,5558,5257,6434,6434
1472,Hunting equipment,1457568000000,6330,6330,6434,5517,5257,6434,6434
1472,Hunting equipment,1457654400000,6380,6330,6434,5495,5257,6434,6434
1472,Hunting equipment,1457740800000,6259,6380,6310,5495,5257,6434,6434
1472,Hunting equipment,1457827200000,6137,6259,6310,5489,5257,6434,6434
1472,Hunting equipment,1457913600000,6137,6137,6384,5323,5257,6434,6434
1472,Hunting equipment,1458000000000,6108,6137,6368,5257,5257,6434,6434
1472,Hunting equipment,1458086400000,6108,6108,6330,5257,5257,6434,6434
1472,Hunting equipment,1458172800000,6016,6108,6330,5445,5445,6434,6434
1472,Hunting equipment,1458259200000,6082,6016,6380,5445,5445,6434,6434
1472,Hunting equipment,1458345600000,6082,6082,6259,5639,5639,6434,6434
1472,Hunting equipment,1458432000000,6145,6082,6137,5639,5639,6434,6434
1472,Hunting equipment,1458518400000,5958,6145,6137,5769,5769,6434,6434
1472,Hunting equipment,1458604800000,5958,5958,6108,5769,5769,6434,6434
1472,Hunting equipment,1458691200000,6002,5958,6108,5811,5811,6434,6434
1472,Hunting equipment,1458777600000,6002,6002,6016,5811,5811,6434,6434
1472,Hunting equipment,1458864000000,5971,6002,6082,5933,5933,6434,6434
1472,Hunting equipment,1458950400000,5956,5971,6082,5933,5933,6434,6434
1472,Hunting equipment,1459036800000,5945,5956,6145,6110,5956,6434,6434
1472,Hunting equipment,1459123200000,5945,5945,5958,6110,5945,6434,6434
1472,Hunting equipment,1459209600000,5921,5945,5958,6215,5945,6434,6434
1472,Hunting equipment,1459296000000,6055,5921,6002,6215,5921,6434,6434
1472,Hunting equipment,1459382400000,6150,6055,6002,6328,5921,6434,6434
1472,Hunting equipment,1459468800000,6150,6150,5971,6328,5921,6434,6434
1472,Hunting equipment,1459555200000,6033,6150,5956,6434,5921,6434,6434
1472,Hunting equipment,1459641600000,6033,6033,5945,6434,5921,6434,6434
1472,Hunting equipment,1459728000000,5822,6033,5945,6310,5921,6384,6384
1472,Hunting equipment,1459814400000,5661,5822,5921,6310,5822,6384,6384
1472,Hunting equipment,1459900800000,5631,5661,6055,6384,5661,6384,6384
1472,Hunting equipment,1459987200000,5645,5631,6150,6368,5631,6380,6380
1472,Hunting equipment,1460073600000,5645,5645,6150,6330,5631,6380,6380
1472,Hunting equipment,1460160000000,5748,5645,6033,6330,5631,6380,6380
1472,Hunting equipment,1460246400000,5910,5748,6033,6380,5631,6380,6380
1472,Hunting equipment,1460332800000,5910,5910,5822,6259,5631,6259,6259
1472,Hunting equipment,1460419200000,5742,5910,5661,6137,5631,6150,6150
1472,Hunting equipment,1460505600000,5927,5742,5631,6137,5631,6150,6150
1472,Hunting equipment,1460592000000,5842,5927,5645,6108,5631,6150,6150
1472,Hunting equipment,1460678400000,5842,5842,5645,6108,5631,6150,6150
1472,Hunting equipment,1460764800000,5914,5842,5748,6016,5631,6150,6150
1472,Hunting equipment,1460851200000,5957,5914,5910,6082,5631,6150,6150
1472,Hunting equipment,1460937600000,5957,5957,5910,6082,5631,6150,6150
1472,Hunting equipment,1461024000000,5972,5957,5742,6145,5631,6150,6150
1472,Hunting equipment,1461110400000,6095,5972,5927,5958,5631,6150,6150
1472,Hunting equipment,1461196800000,6084,6095,5842,5958,5631,6150,6150
1472,Hunting equipment,1461283200000,6096,6084,5842,6002,5631,6150,6150
1472,Hunting equipment,1461369600000,6096,6096,5914,6002,5631,6150,6150
1472,Hunting equipment,1461456000000,6099,6096,5957,5971,5631,6150,6150
1472,Hunting equipment,1461542400000,6121,6099,5957,5956,5631,6150,6150
1472,Hunting equipment,1461628800000,6121,6121,5972,5945,5631,6150,6150
1472,Hunting equipment,1461715200000,6098,6121,6095,5945,5631,6150,6150
1472,Hunting equipment,1461801600000,6094,6098,6084,5921,5631,6150,6150
1472,Hunting equipment,1461888000000,6094,6094,6096,6055,5631,6150,6150
1472,Hunting equipment,1461974400000,6082,6094,6096,6150,5631,6150,6150
1472,Hunting equipment,1462060800000,6295,6082,6099,6150,5631,6150,6150
1472,Hunting equipment,1462147200000,6562,6295,6121,6033,5631,6295,6295
1472,Hunting equipment,1462233600000,6562,6562,6121,6033,5631,6562,6562
1472,Hunting equipment,1462320000000,6776,6562,6098,5822,5631,6562,6562
1472,Hunting equipment,1462406400000,6776,6776,6094,5661,5631,6776,6776
1472,Hunting equipment,1462492800000,6957,6776,6094,5631,5631,6776,6776
1472,Hunting equipment,1462579200000,6957,6957,6082,5645,5645,6957,6957
1472,Hunting equipment,1462665600000,6757,6957,6295,5645,5645,6957,6957
1472,Hunting equipment,1462752000000,6469,6757,6562,5748,5742,6957,6957
1472,Hunting equipment,1462838400000,6469,6469,6562,5910,5742,6957,6957
